13 0.1828125 0.21015625 0.0546875 0.04375
10 0.74765625 0.19375 0.0578125 0.04375
11 0.79765625 0.19453125 0.05625 0.046875
3 0.84921875 0.19375 0.0578125 0.0453125
0 0.903125 0.19609375 0.0546875 0.0453125
2 0.18359375 0.25 0.05625 0.0453125
8 0.28828125 0.246875 0.0546875 0.0453125
13 0.340625 0.24921875 0.05625 0.0453125
6 0.540625 0.23671875 0.05625 0.04375
8 0.6953125 0.23671875 0.05625 0.046875
18 0.75 0.23203125 0.0578125 0.0453125
14 0.84921875 0.23671875 0.0578125 0.0453125
19 0.18046875 0.29140625 0.0578125 0.0453125
18 0.290625 0.290625 0.05625 0.0453125
23 0.5421875 0.2796875 0.0546875 0.0453125
4 0.75078125 0.275 0.053125 0.046875
0 0.85390625 0.28125 0.0578125 0.0484375
4 0.1828125 0.334375 0.0578125 0.046875
1 0.2359375 0.3296875 0.0578125 0.046875
3 0.2859375 0.334375 0.05625 0.0453125
13 0.3390625 0.33203125 0.0546875 0.0453125
4 0.3890625 0.33203125 0.0546875 0.046875
8 0.54296875 0.32578125 0.0546875 0.046875
2 0.75078125 0.31875 0.0546875 0.046875
17 0.2375 0.37421875 0.05625 0.04375
25 0.3921875 0.3734375 0.0546875 0.0484375
4 0.5421875 0.36875 0.053125 0.04375
14 0.596875 0.36875 0.053125 0.0453125
19 0.65 0.36640625 0.0578125 0.04375
5 0.69765625 0.36328125 0.05625 0.0453125
8 0.75078125 0.36171875 0.0578125 0.046875
19 0.2359375 0.41640625 0.059375 0.046875
20 0.39140625 0.4171875 0.0546875 0.046875
17 0.7046875 0.40546875 0.053125 0.0453125
4 0.2328125 0.459375 0.0578125 0.0453125
4 0.44609375 0.453125 0.053125 0.04375
8 0.5453125 0.44921875 0.053125 0.0453125
0 0.7078125 0.44921875 0.05625 0.04375
4 0.184375 0.5 0.0546875 0.04375
15 0.23671875 0.503125 0.0578125 0.0453125
8 0.29140625 0.5015625 0.0609375 0.0453125
14 0.346875 0.4984375 0.0546875 0.0453125
18 0.396875 0.4984375 0.0546875 0.0453125
24 0.44765625 0.49765625 0.0546875 0.0453125
21 0.50078125 0.49375 0.053125 0.04375
4 0.5515625 0.49296875 0.0546875 0.0453125
14 0.60390625 0.4875 0.0546875 0.0453125
14 0.6578125 0.48984375 0.053125 0.04375
19 0.7078125 0.48984375 0.053125 0.04375
21 0.7609375 0.4859375 0.0546875 0.04375
19 0.81015625 0.48359375 0.053125 0.0453125
16 0.18671875 0.54453125 0.05625 0.0453125
24 0.2921875 0.5484375 0.0578125 0.0453125
17 0.65625 0.53359375 0.05625 0.0453125
6 0.865625 0.52265625 0.05625 0.0453125
11 0.18828125 0.58828125 0.0546875 0.04375
0 0.29140625 0.58984375 0.05625 0.04375
18 0.65859375 0.57578125 0.053125 0.0453125
5 0.86640625 0.565625 0.0578125 0.0453125
22 0.18671875 0.63125 0.05625 0.0453125
17 0.2921875 0.63359375 0.0546875 0.0453125
3 0.3453125 0.62734375 0.0578125 0.0484375
0 0.403125 0.62578125 0.053125 0.0453125
20 0.45390625 0.6234375 0.053125 0.0453125
8 0.51171875 0.6234375 0.0515625 0.0453125
14 0.66171875 0.6203125 0.059375 0.046875
11 0.71328125 0.6171875 0.05625 0.046875
20 0.76328125 0.615625 0.0546875 0.046875
22 0.815625 0.61015625 0.0578125 0.0484375
11 0.8671875 0.61015625 0.05625 0.046875
4 0.18671875 0.67578125 0.0578125 0.046875
0 0.2890625 0.678125 0.0546875 0.0453125
13 0.40234375 0.6734375 0.05625 0.0484375
4 0.66484375 0.66484375 0.05625 0.0453125
13 0.87109375 0.6546875 0.059375 0.0453125
8 0.92578125 0.6515625 0.059375 0.0484375
20 0.1890625 0.71875 0.0578125 0.046875
15 0.4015625 0.7203125 0.053125 0.0453125
6 0.66328125 0.709375 0.0578125 0.046875
17 0.721875 0.703125 0.053125 0.046875
19 0.8171875 0.69609375 0.059375 0.046875
7 0.87421875 0.69765625 0.0578125 0.0453125
3 0.18828125 0.76640625 0.0578125 0.0484375
4 0.403125 0.76796875 0.0546875 0.0484375
0 0.61015625 0.75234375 0.0609375 0.0484375
13 0.66796875 0.75234375 0.05625 0.046875
1 0.184375 0.8125 0.05625 0.046875
7 0.24375 0.80859375 0.0546875 0.0484375
17 0.29765625 0.80625 0.0578125 0.0484375
12 0.35078125 0.8046875 0.0578125 0.0484375
9 0.40390625 0.8125 0.0546875 0.0453125
8 0.5578125 0.79765625 0.05625 0.0484375
12 0.6140625 0.796875 0.05625 0.046875