1 0.22109375 0.14296875 0.0546875 0.0453125
4 0.27578125 0.14296875 0.053125 0.04375
11 0.3265625 0.14921875 0.0515625 0.0453125
3 0.37421875 0.14921875 0.0515625 0.0453125
0 0.42421875 0.15234375 0.05 0.0453125
4 0.4734375 0.15546875 0.05 0.0421875
18 0.57734375 0.1546875 0.05 0.0453125
15 0.675 0.16015625 0.0515625 0.04375
4 0.72578125 0.16640625 0.05 0.0453125
3 0.778125 0.16953125 0.0484375 0.0453125
5 0.22109375 0.1859375 0.05 0.04375
14 0.46953125 0.19765625 0.053125 0.04375
12 0.5171875 0.1984375 0.0515625 0.0453125
5 0.57421875 0.1984375 0.05 0.0421875
8 0.6234375 0.20234375 0.05 0.0453125
24 0.6765625 0.203125 0.053125 0.0453125
17 0.77421875 0.2125 0.0515625 0.040625
2 0.82421875 0.2140625 0.0515625 0.0453125
8 0.87734375 0.2171875 0.0546875 0.0453125
13 0.9359375 0.21875 0.053125 0.0453125
8 0.21953125 0.2265625 0.0546875 0.0453125
20 0.2703125 0.22421875 0.0515625 0.046875
4 0.32109375 0.22890625 0.0546875 0.0453125
17 0.4671875 0.240625 0.0515625 0.04375
4 0.56875 0.23984375 0.05 0.04375
19 0.67421875 0.246875 0.05 0.046875
0 0.77421875 0.2515625 0.053125 0.04375
25 0.21484375 0.26640625 0.0515625 0.04375
3 0.46484375 0.2828125 0.053125 0.0453125
24 0.5703125 0.28125 0.0515625 0.0421875
17 0.7734375 0.2953125 0.0578125 0.0453125
13 0.21015625 0.30859375 0.0515625 0.04375
20 0.2640625 0.3078125 0.053125 0.04375
7 0.3171875 0.30703125 0.0546875 0.04375
11 0.36875 0.30859375 0.053125 0.046875
8 0.5171875 0.31953125 0.053125 0.0453125
16 0.5703125 0.321875 0.05 0.0453125
4 0.621875 0.325 0.0515625 0.04375
13 0.5171875 0.36484375 0.0515625 0.0453125
8 0.20625 0.35078125 0.0515625 0.0421875
22 0.61953125 0.3671875 0.0546875 0.04375
0 0.671875 0.36796875 0.0515625 0.0421875
23 0.72578125 0.3703125 0.05 0.04375
17 0.8734375 0.375 0.0546875 0.0453125
6 0.20625 0.3921875 0.053125 0.04375
13 0.26328125 0.39140625 0.0546875 0.0453125
6 0.71875 0.4140625 0.0515625 0.04375
19 0.7734375 0.4171875 0.053125 0.0453125
19 0.82734375 0.41875 0.05 0.0421875
15 0.87890625 0.41953125 0.0515625 0.04375
12 0.93046875 0.42265625 0.0546875 0.0453125
18 0.20625 0.43203125 0.053125 0.0421875
4 0.71953125 0.45703125 0.05625 0.0453125
11 0.87109375 0.46171875 0.05625 0.04375
21 0.20390625 0.471875 0.0515625 0.0421875
14 0.25625 0.47109375 0.0546875 0.04375
1 0.309375 0.47421875 0.053125 0.04375
18 0.36484375 0.4765625 0.0515625 0.04375
8 0.56875 0.484375 0.0515625 0.0453125
8 0.71640625 0.49921875 0.05625 0.04375
3 0.81796875 0.49765625 0.05625 0.04375
10 0.87578125 0.50625 0.053125 0.04375
19 0.92578125 0.50546875 0.053125 0.04375
4 0.196875 0.515625 0.053125 0.04375
13 0.3546875 0.5203125 0.053125 0.04375
14 0.409375 0.52109375 0.053125 0.04375
19 0.46015625 0.521875 0.05 0.04375
8 0.5125 0.525 0.053125 0.0421875
7 0.565625 0.528125 0.0515625 0.0421875
22 0.6171875 0.53125 0.0546875 0.0421875
17 0.76875 0.54296875 0.05625 0.04375
18 0.8234375 0.54609375 0.05625 0.0453125
13 0.19140625 0.5578125 0.0546875 0.0453125
14 0.35546875 0.5625 0.053125 0.04375
21 0.459375 0.565625 0.053125 0.04375
0 0.6125 0.5765625 0.053125 0.04375
0 0.29296875 0.5984375 0.0546875 0.0453125
4 0.3484375 0.60390625 0.053125 0.04375
9 0.4515625 0.6078125 0.053125 0.0453125
4 0.6125 0.61875 0.053125 0.04375
0 0.34765625 0.64765625 0.0515625 0.04375
11 0.4484375 0.65078125 0.053125 0.04375
8 0.50390625 0.65546875 0.053125 0.0453125
20 0.5578125 0.65546875 0.0546875 0.0453125
19 0.6078125 0.66171875 0.053125 0.0453125
0 0.66171875 0.6625 0.0546875 0.0453125
20 0.1828125 0.68046875 0.0546875 0.046875
6 0.23828125 0.6828125 0.05625 0.0484375
17 0.29296875 0.6859375 0.0546875 0.0453125
2 0.34609375 0.68984375 0.05625 0.0453125
4 0.17734375 0.728125 0.05625 0.0453125