1 0.203125 0.1578125 0.053125 0.04296875
4 0.25703125 0.15546875 0.0515625 0.04140625
11 0.30859375 0.15859375 0.04921875 0.0421875
3 0.35625 0.15625 0.04921875 0.0421875
0 0.40625 0.15703125 0.0484375 0.0421875
4 0.45546875 0.15703125 0.04765625 0.03984375
18 0.559375 0.15078125 0.0484375 0.0421875
15 0.65703125 0.1515625 0.05 0.040625
4 0.7078125 0.1546875 0.0484375 0.04296875
3 0.76015625 0.15546875 0.04609375 0.0421875
5 0.2046875 0.20078125 0.0484375 0.040625
14 0.45390625 0.2 0.0515625 0.040625
12 0.5015625 0.19765625 0.05 0.04296875
5 0.55859375 0.1953125 0.0484375 0.03984375
8 0.6078125 0.19609375 0.0484375 0.0421875
24 0.6609375 0.19453125 0.05078125 0.0421875
17 0.75859375 0.1984375 0.05 0.03828125
2 0.80859375 0.19765625 0.05 0.04296875
8 0.86171875 0.19765625 0.053125 0.04296875
13 0.9203125 0.19609375 0.0515625 0.04296875
8 0.20546875 0.24140625 0.053125 0.0421875
20 0.25625 0.23671875 0.05 0.04375
4 0.30703125 0.23828125 0.053125 0.0421875
17 0.45390625 0.24296875 0.04921875 0.040625
4 0.5546875 0.23671875 0.04765625 0.04140625
19 0.6609375 0.23828125 0.0484375 0.04375
0 0.7609375 0.2375 0.0515625 0.04140625
25 0.203125 0.28203125 0.05 0.040625
3 0.45390625 0.28515625 0.0515625 0.04296875
24 0.55859375 0.278125 0.05 0.03984375
17 0.7625 0.28125 0.05625 0.0421875
13 0.20078125 0.32421875 0.05 0.04140625
20 0.2546875 0.3203125 0.0515625 0.04140625
7 0.30703125 0.3171875 0.053125 0.04140625
11 0.35859375 0.315625 0.0515625 0.04453125
8 0.5078125 0.31875 0.0515625 0.04296875
16 0.5609375 0.31875 0.0484375 0.04296875
4 0.6125 0.31875 0.04921875 0.040625
13 0.51015625 0.3640625 0.05 0.04296875
8 0.19921875 0.36640625 0.05 0.03984375
22 0.6125 0.3609375 0.053125 0.04140625
0 0.66484375 0.359375 0.04921875 0.0390625
23 0.71875 0.35859375 0.04765625 0.040625
17 0.86640625 0.35546875 0.053125 0.04296875
6 0.20078125 0.4078125 0.05078125 0.040625
13 0.2578125 0.40390625 0.05234375 0.0421875
6 0.7140625 0.40234375 0.04921875 0.04140625
19 0.76875 0.403125 0.0515625 0.04296875
19 0.82265625 0.4015625 0.0484375 0.03984375
15 0.87421875 0.4 0.04921875 0.040625
12 0.92578125 0.4 0.053125 0.0421875
18 0.203125 0.44765625 0.05078125 0.03984375
4 0.7171875 0.4453125 0.05390625 0.04296875
11 0.86875 0.4421875 0.0546875 0.04140625
21 0.203125 0.4875 0.04921875 0.03984375
14 0.2546875 0.48359375 0.053125 0.04140625
1 0.30859375 0.484375 0.0515625 0.040625
18 0.3640625 0.48359375 0.05 0.040625
8 0.56796875 0.48046875 0.05 0.0421875
8 0.71640625 0.4875 0.05390625 0.040625
3 0.8171875 0.48125 0.0546875 0.040625
10 0.87578125 0.48671875 0.0515625 0.04140625
19 0.92578125 0.4828125 0.0515625 0.04140625
4 0.1984375 0.53125 0.0515625 0.04140625
13 0.35625 0.528125 0.0515625 0.04140625
14 0.4109375 0.52578125 0.05078125 0.040625
19 0.46171875 0.52421875 0.04765625 0.040625
8 0.5140625 0.52421875 0.05078125 0.03984375
7 0.5671875 0.525 0.04921875 0.03984375
22 0.61875 0.525 0.05234375 0.03984375
17 0.7703125 0.52890625 0.0546875 0.04140625
18 0.82578125 0.52890625 0.05390625 0.04296875
13 0.19453125 0.57421875 0.05234375 0.0421875
14 0.35859375 0.5703125 0.0515625 0.04140625
21 0.4625 0.56796875 0.05078125 0.04140625
0 0.61640625 0.5703125 0.0515625 0.040625
0 0.2984375 0.609375 0.05234375 0.0421875
4 0.35390625 0.61171875 0.05078125 0.04140625
9 0.45703125 0.61015625 0.05078125 0.0421875
4 0.61875 0.6125 0.0515625 0.040625
0 0.35546875 0.65546875 0.05 0.04140625
11 0.45625 0.653125 0.05078125 0.04140625
8 0.51171875 0.6546875 0.05078125 0.0421875
20 0.565625 0.65234375 0.05234375 0.04296875
19 0.61640625 0.65546875 0.05078125 0.04296875
0 0.6703125 0.65390625 0.05234375 0.04296875
20 0.19296875 0.696875 0.053125 0.04375
6 0.2484375 0.69609375 0.05390625 0.0453125
17 0.303125 0.696875 0.053125 0.04296875
2 0.35625 0.69765625 0.05390625 0.0421875
4 0.18984375 0.74453125 0.05390625 0.04296875