19 0.23828125 0.18515625 0.0453125 0.03515625
17 0.284375 0.18515625 0.04140625 0.034375
8 0.328125 0.18671875 0.04453125 0.0359375
3 0.4265625 0.184375 0.046875 0.0359375
4 0.290625 0.2203125 0.04375 0.03359375
12 0.28828125 0.25703125 0.04296875 0.03515625
14 0.334375 0.2546875 0.04296875 0.0359375
21 0.3328125 0.29296875 0.0453125 0.034375
0 0.378125 0.29296875 0.04765625 0.03828125
13 0.425 0.29453125 0.04609375 0.03515625
4 0.475 0.29609375 0.0453125 0.0375
0 0.3328125 0.33046875 0.0453125 0.034375
0 0.2875 0.33125 0.0453125 0.03671875
12 0.2859375 0.36875 0.04453125 0.0375
20 0.2875 0.40625 0.046875 0.03671875
4 0.475 0.259375 0.03984375 0.0359375
22 0.47265625 0.22109375 0.0453125 0.0359375
17 0.51875 0.22109375 0.04453125 0.0375
4 0.56640625 0.2234375 0.04140625 0.0359375
13 0.6140625 0.22578125 0.0453125 0.0375
21 0.56953125 0.184375 0.0421875 0.0375
19 0.56015625 0.26171875 0.0453125 0.03515625
14 0.55703125 0.303125 0.04296875 0.03671875
14 0.61484375 0.1890625 0.0453125 0.0359375
19 0.65859375 0.1890625 0.04375 0.034375
4 0.70625 0.1875 0.0453125 0.03359375
1 0.70078125 0.2234375 0.0421875 0.0359375
20 0.7453125 0.2234375 0.0453125 0.034375
8 0.790625 0.2609375 0.04140625 0.03671875
13 0.8453125 0.26953125 0.04921875 0.034375
10 0.89140625 0.26875 0.04921875 0.034375
8 0.89609375 0.23125 0.0453125 0.03671875
18 0.89609375 0.19296875 0.04375 0.0359375
4 0.89296875 0.30625 0.0453125 0.03515625
13 0.79296875 0.29921875 0.0421875 0.034375
0 0.75 0.29921875 0.04296875 0.03671875
2 0.70546875 0.2984375 0.0453125 0.0375
14 0.7046875 0.3375 0.04296875 0.0375
19 0.65703125 0.33359375 0.04375 0.03828125
6 0.7015625 0.37578125 0.0453125 0.0375
8 0.74609375 0.375 0.04453125 0.03828125
5 0.79140625 0.37734375 0.0421875 0.0359375
20 0.79453125 0.4140625 0.04609375 0.0375
17 0.79609375 0.45625 0.04453125 0.0375
25 0.890625 0.446875 0.05078125 0.0375
0 0.4265625 0.33203125 0.0421875 0.0359375
1 0.42734375 0.3734375 0.0453125 0.0359375
14 0.47109375 0.3734375 0.046875 0.0359375
22 0.52109375 0.375 0.04453125 0.03671875
14 0.51640625 0.41171875 0.04453125 0.0375
15 0.4234375 0.44921875 0.0453125 0.0359375
4 0.46796875 0.45078125 0.04609375 0.03671875
4 0.5125 0.45234375 0.04375 0.03515625
17 0.5609375 0.45234375 0.04140625 0.03515625
0 0.5625 0.4921875 0.04296875 0.0375
23 0.61171875 0.484375 0.046875 0.0359375
7 0.659375 0.44765625 0.0453125 0.03515625
4 0.66171875 0.48515625 0.0453125 0.0390625
11 0.709375 0.484375 0.0453125 0.0359375
24 0.56640625 0.5296875 0.04375 0.0359375
11 0.66015625 0.5234375 0.04375 0.03671875
11 0.66015625 0.5625 0.046875 0.0375
0 0.709375 0.56328125 0.05 0.0390625
6 0.75703125 0.56171875 0.04609375 0.0375
20 0.76328125 0.59921875 0.046875 0.03671875
24 0.75703125 0.63671875 0.04453125 0.0390625
18 0.75390625 0.67734375 0.05 0.040625
0 0.8046875 0.63984375 0.04609375 0.03671875
15 0.85 0.640625 0.0453125 0.03984375
8 0.853125 0.68046875 0.0453125 0.03828125
19 0.853125 0.71953125 0.0484375 0.03828125
17 0.42421875 0.4859375 0.04609375 0.0359375
14 0.42421875 0.52265625 0.0453125 0.03828125
7 0.46875 0.52265625 0.046875 0.0375
3 0.4234375 0.56015625 0.0453125 0.03828125
8 0.37578125 0.56171875 0.04375 0.0359375
2 0.3296875 0.559375 0.04453125 0.0359375
0 0.28203125 0.559375 0.04453125 0.0375
11 0.28359375 0.51875 0.04765625 0.03828125
3 0.4203125 0.59765625 0.046875 0.0359375
4 0.41796875 0.6359375 0.04453125 0.0390625
17 0.41875 0.67421875 0.04296875 0.03984375
3 0.37421875 0.6375 0.04453125 0.0390625
5 0.465625 0.6390625 0.04375 0.03984375
8 0.51171875 0.640625 0.0484375 0.0390625
16 0.51015625 0.6 0.0453125 0.0375
13 0.5578125 0.640625 0.0453125 0.0375
4 0.60390625 0.6375 0.0453125 0.03828125
18 0.65625 0.6421875 0.046875 0.03984375
8 0.66015625 0.68203125 0.0484375 0.04140625
13 0.6625 0.721875 0.04765625 0.04375
8 0.61328125 0.72109375 0.05 0.04296875
6 0.55859375 0.7234375 0.04921875 0.040625
14 0.55703125 0.67890625 0.0453125 0.0390625
19 0.46484375 0.72734375 0.04453125 0.04140625
18 0.4203125 0.721875 0.0453125 0.0421875
4 0.37421875 0.71953125 0.0453125 0.0390625
9 0.3265625 0.72265625 0.04765625 0.03984375