13 0.19296875 0.19921875 0.05390625 0.04140625
10 0.7578125 0.20234375 0.05703125 0.0421875
11 0.8078125 0.20546875 0.0546875 0.04453125
3 0.859375 0.20625 0.05625 0.04296875
0 0.91328125 0.21015625 0.05390625 0.04296875
2 0.1921875 0.2390625 0.0546875 0.04375
8 0.296875 0.23984375 0.053125 0.04375
13 0.34921875 0.24375 0.0546875 0.04375
6 0.55 0.23828125 0.0546875 0.0421875
8 0.7046875 0.24375 0.05546875 0.0453125
18 0.759375 0.240625 0.05625 0.04375
14 0.8578125 0.24921875 0.05703125 0.04296875
19 0.18828125 0.28046875 0.05625 0.04296875
18 0.2984375 0.28359375 0.0546875 0.04375
23 0.55 0.28125 0.053125 0.04375
4 0.75859375 0.28359375 0.0515625 0.0453125
0 0.8609375 0.29375 0.05625 0.04609375
4 0.1890625 0.3234375 0.05625 0.0453125
1 0.2421875 0.3203125 0.05703125 0.0453125
3 0.2921875 0.32734375 0.05546875 0.04375
13 0.3453125 0.3265625 0.053125 0.04375
4 0.3953125 0.328125 0.05390625 0.04453125
8 0.54921875 0.32734375 0.053125 0.0453125
2 0.75703125 0.32734375 0.053125 0.0453125
17 0.2421875 0.36484375 0.0546875 0.0421875
25 0.396875 0.36953125 0.053125 0.04609375
4 0.546875 0.3703125 0.05234375 0.04140625
14 0.6015625 0.371875 0.05234375 0.04296875
19 0.6546875 0.371875 0.05625 0.0421875
5 0.70234375 0.3703125 0.05546875 0.04296875
8 0.75546875 0.3703125 0.05625 0.04453125
19 0.2390625 0.40703125 0.05859375 0.04453125
20 0.39453125 0.41328125 0.05390625 0.0453125
17 0.7078125 0.4125 0.05234375 0.04375
4 0.234375 0.45 0.05625 0.04296875
4 0.44765625 0.4515625 0.0515625 0.0421875
8 0.546875 0.45078125 0.05234375 0.04296875
0 0.709375 0.45625 0.05546875 0.04140625
4 0.184375 0.4890625 0.053125 0.0421875
15 0.23671875 0.49375 0.05625 0.04375
8 0.29140625 0.49453125 0.059375 0.04375
14 0.346875 0.49296875 0.053125 0.04296875
18 0.396875 0.49453125 0.053125 0.04296875
24 0.44765625 0.49609375 0.05390625 0.04296875
21 0.50078125 0.49375 0.05234375 0.04140625
4 0.5515625 0.49453125 0.05390625 0.04375
14 0.60390625 0.49140625 0.05390625 0.04375
14 0.6578125 0.4953125 0.05234375 0.0421875
19 0.7078125 0.496875 0.05234375 0.0421875
21 0.7609375 0.4953125 0.053125 0.0421875
19 0.81015625 0.49453125 0.05234375 0.04296875
16 0.18515625 0.53359375 0.0546875 0.04296875
24 0.290625 0.54140625 0.05703125 0.04375
17 0.6546875 0.5390625 0.0546875 0.04375
6 0.86484375 0.53515625 0.0546875 0.04296875
11 0.18515625 0.57734375 0.05390625 0.0421875
0 0.28828125 0.5828125 0.0546875 0.0421875
18 0.65546875 0.58125 0.05234375 0.04375
5 0.8640625 0.578125 0.05703125 0.04375
22 0.18203125 0.6203125 0.05546875 0.04375
17 0.2875 0.6265625 0.053125 0.04375
3 0.340625 0.621875 0.05625 0.04609375
0 0.3984375 0.62265625 0.05234375 0.04296875
20 0.45 0.621875 0.05234375 0.04296875
8 0.50703125 0.6234375 0.05078125 0.04296875
14 0.6578125 0.62578125 0.05859375 0.0453125
11 0.709375 0.62421875 0.0546875 0.0453125
20 0.759375 0.625 0.053125 0.0453125
22 0.81171875 0.62109375 0.05625 0.04609375
11 0.86328125 0.62265625 0.0546875 0.04453125
4 0.18046875 0.66484375 0.05625 0.0453125
0 0.2828125 0.6703125 0.053125 0.04375
13 0.39609375 0.66953125 0.0546875 0.04609375
4 0.659375 0.6703125 0.05546875 0.04375
13 0.865625 0.6671875 0.05859375 0.04296875
8 0.9203125 0.66640625 0.0578125 0.04609375
20 0.18125 0.7078125 0.05625 0.0453125
15 0.39375 0.71640625 0.0515625 0.04375
6 0.65625 0.71484375 0.05625 0.0453125
17 0.71484375 0.7109375 0.0515625 0.0453125
19 0.81015625 0.70703125 0.0578125 0.04453125
7 0.8671875 0.7109375 0.05625 0.04375
3 0.17890625 0.75546875 0.05625 0.04609375
4 0.39375 0.7640625 0.05234375 0.04609375
0 0.6015625 0.75625 0.05859375 0.04609375
13 0.659375 0.7578125 0.0546875 0.04453125
1 0.1734375 0.8015625 0.05546875 0.0453125
7 0.2328125 0.79921875 0.053125 0.046875
17 0.28671875 0.79921875 0.05546875 0.046875
12 0.340625 0.79921875 0.05546875 0.046875
9 0.39296875 0.80859375 0.053125 0.04296875
8 0.54765625 0.79921875 0.0546875 0.04609375
12 0.60390625 0.80078125 0.0546875 0.0453125