0 0.24296875 0.178125 0.053125 0.04375
19 0.35625 0.175 0.05703125 0.04375
18 0.46015625 0.17890625 0.05390625 0.0421875
21 0.5734375 0.17578125 0.0515625 0.04453125
8 0.8453125 0.1734375 0.06171875 0.04375
25 0.24609375 0.22421875 0.0578125 0.0453125
19 0.63046875 0.21328125 0.05703125 0.04375
14 0.790625 0.2125 0.05703125 0.04375
0 0.90390625 0.21328125 0.0609375 0.0453125
0 0.4046875 0.2609375 0.05546875 0.0453125
0 0.51953125 0.259375 0.05703125 0.04453125
8 0.63046875 0.2578125 0.05390625 0.04453125
20 0.69453125 0.25390625 0.0578125 0.0453125
6 0.8546875 0.25546875 0.0609375 0.0453125
8 0.18203125 0.3078125 0.0578125 0.04453125
10 0.240625 0.3078125 0.0546875 0.04375
12 0.296875 0.30546875 0.05546875 0.04453125
4 0.353125 0.3015625 0.05390625 0.03984375
14 0.5203125 0.3078125 0.05390625 0.04453125
6 0.58125 0.3046875 0.05546875 0.046875
4 0.69140625 0.30078125 0.05859375 0.04375
20 0.74765625 0.30078125 0.053125 0.0453125
4 0.915625 0.30078125 0.059375 0.04453125
24 0.11953125 0.35390625 0.05703125 0.04453125
13 0.18203125 0.353125 0.0578125 0.04375
5 0.29453125 0.35390625 0.05546875 0.04375
0 0.35703125 0.34609375 0.05546875 0.0453125
7 0.6921875 0.34765625 0.05625 0.04375
17 0.74921875 0.34765625 0.0546875 0.04453125
15 0.80703125 0.34375 0.05859375 0.0484375
4 0.8640625 0.340625 0.05546875 0.0453125
13 0.1171875 0.40234375 0.05546875 0.0421875
4 0.18359375 0.39765625 0.0578125 0.04453125
2 0.290625 0.3984375 0.05703125 0.04609375
12 0.4078125 0.39453125 0.0546875 0.04375
19 0.46796875 0.39453125 0.05546875 0.0453125
0 0.57890625 0.39453125 0.05703125 0.046875
14 0.634375 0.39609375 0.05703125 0.046875
18 0.75390625 0.39375 0.059375 0.04921875
17 0.86640625 0.3875 0.0578125 0.04765625
18 0.9265625 0.38671875 0.059375 0.04375
21 0.1171875 0.44609375 0.05546875 0.0453125
22 0.18125 0.44296875 0.05859375 0.046875
4 0.24140625 0.44609375 0.05859375 0.0484375
11 0.409375 0.440625 0.0578125 0.04609375
22 0.4703125 0.440625 0.05546875 0.0453125
23 0.93203125 0.43125 0.05703125 0.046875
14 0.11484375 0.4921875 0.06171875 0.046875
14 0.1796875 0.49140625 0.05859375 0.04765625
8 0.5265625 0.484375 0.0578125 0.0453125
14 0.58671875 0.48515625 0.05859375 0.046875
5 0.64609375 0.48359375 0.06015625 0.046875
19 0.7046875 0.48203125 0.05625 0.04453125
13 0.7640625 0.4796875 0.06015625 0.04609375
11 0.8734375 0.48046875 0.0578125 0.04609375
2 0.1109375 0.540625 0.0578125 0.046875
4 0.17578125 0.54140625 0.06171875 0.04921875
24 0.2953125 0.53125 0.05546875 0.04609375
4 0.3515625 0.53125 0.06015625 0.04609375
11 0.41171875 0.52734375 0.059375 0.04375
4 0.471875 0.53046875 0.05625 0.0453125
8 0.934375 0.5265625 0.0578125 0.04765625
17 0.35625 0.5796875 0.05546875 0.04609375
16 0.41953125 0.5765625 0.059375 0.04609375
11 0.5328125 0.57734375 0.05546875 0.0453125
8 0.65234375 0.57734375 0.06015625 0.04609375
18 0.76484375 0.5734375 0.0609375 0.046875
8 0.88359375 0.57109375 0.06875 0.0484375
8 0.10390625 0.63671875 0.065625 0.04921875
1 0.16640625 0.63125 0.06328125 0.0453125
14 0.234375 0.63125 0.0609375 0.0484375
19 0.46875 0.625 0.06171875 0.05078125
1 0.5328125 0.62578125 0.059375 0.0484375
4 0.65 0.6265625 0.06015625 0.0484375
14 0.71484375 0.62265625 0.059375 0.04765625
4 0.83359375 0.6203125 0.0640625 0.04921875
4 0.10703125 0.68984375 0.0609375 0.05078125
0 0.2265625 0.684375 0.059375 0.04921875
3 0.34375 0.68046875 0.0609375 0.05234375
8 0.47265625 0.678125 0.0640625 0.04921875
9 0.5375 0.67890625 0.0640625 0.05234375
17 0.6546875 0.67578125 0.0640625 0.04921875
0 0.7125 0.6734375 0.0609375 0.05
3 0.77890625 0.67109375 0.0671875 0.05078125
13 0.89921875 0.6703125 0.06875 0.05078125
7 0.46953125 0.73046875 0.06015625 0.05
3 0.52890625 0.7328125 0.06015625 0.05234375
17 0.596875 0.7265625 0.0609375 0.0515625
13 0.71640625 0.725 0.0640625 0.05
15 0.7828125 0.72421875 0.06171875 0.05234375
13 0.840625 0.721875 0.059375 0.05234375
3 0.10234375 0.78984375 0.06875 0.05703125
20 0.22421875 0.78671875 0.0578125 0.05234375
6 0.29453125 0.78671875 0.06015625 0.05234375
0 0.36015625 0.7828125 0.0640625 0.05546875
20 0.103125 0.846875 0.0640625 0.053125
17 0.221875 0.8453125 0.0640625 0.0578125
19 0.36640625 0.8359375 0.0625 0.05546875