0 0.22109375 0.196875 0.05625 0.046875
19 0.33359375 0.1859375 0.059375 0.046875
18 0.4375 0.1828125 0.05625 0.0453125
21 0.55078125 0.17109375 0.0546875 0.0484375
8 0.821875 0.15 0.0640625 0.0484375
25 0.22734375 0.24296875 0.0609375 0.05
19 0.61015625 0.2046875 0.059375 0.046875
14 0.76953125 0.19296875 0.059375 0.046875
0 0.8828125 0.1859375 0.0640625 0.05
0 0.38828125 0.26796875 0.0578125 0.0484375
0 0.50234375 0.25859375 0.059375 0.0484375
8 0.61328125 0.24921875 0.05625 0.0484375
20 0.6765625 0.240625 0.0609375 0.05
6 0.83671875 0.23125 0.0640625 0.05
8 0.16953125 0.33046875 0.0609375 0.0484375
10 0.228125 0.3265625 0.0578125 0.046875
12 0.28359375 0.3203125 0.0578125 0.0484375
4 0.33984375 0.3125 0.05625 0.04375
14 0.50703125 0.30703125 0.05625 0.0484375
6 0.5671875 0.29921875 0.059375 0.05
4 0.67734375 0.28828125 0.0609375 0.0484375
20 0.7328125 0.284375 0.05625 0.0484375
4 0.90078125 0.27265625 0.0625 0.0484375
24 0.11015625 0.38046875 0.059375 0.0484375
13 0.17265625 0.37578125 0.0609375 0.0484375
5 0.28515625 0.36875 0.0578125 0.046875
0 0.346875 0.35625 0.0578125 0.0484375
7 0.68125 0.334375 0.059375 0.046875
17 0.73828125 0.33046875 0.0578125 0.0484375
15 0.7953125 0.32265625 0.0625 0.053125
4 0.85234375 0.315625 0.0578125 0.0484375
13 0.1109375 0.42890625 0.0578125 0.0453125
4 0.17734375 0.4203125 0.0609375 0.0484375
2 0.284375 0.41328125 0.059375 0.05
12 0.40078125 0.4015625 0.0578125 0.046875
19 0.4609375 0.396875 0.0578125 0.0484375
0 0.57109375 0.3890625 0.0609375 0.05
14 0.6265625 0.38671875 0.0609375 0.05
18 0.74609375 0.3765625 0.0625 0.053125
17 0.8578125 0.3625 0.0609375 0.0515625
18 0.91796875 0.35703125 0.0625 0.0484375
21 0.1140625 0.47265625 0.0578125 0.0484375
22 0.178125 0.465625 0.0625 0.0515625
4 0.23828125 0.4640625 0.0625 0.053125
11 0.40546875 0.446875 0.0609375 0.05
22 0.46640625 0.44296875 0.0578125 0.0484375
23 0.9265625 0.4015625 0.0609375 0.05
14 0.115625 0.51875 0.0640625 0.0515625
14 0.1796875 0.5140625 0.0625 0.0515625
8 0.52578125 0.4828125 0.0609375 0.05
14 0.58515625 0.47890625 0.0625 0.0515625
5 0.64453125 0.4734375 0.0625 0.0515625
19 0.703125 0.46796875 0.059375 0.0484375
13 0.76171875 0.4609375 0.0625 0.05
11 0.87109375 0.4546875 0.0609375 0.05
2 0.11484375 0.56796875 0.0609375 0.0515625
4 0.1796875 0.5640625 0.065625 0.053125
24 0.29765625 0.5453125 0.0578125 0.05
4 0.35390625 0.54140625 0.0625 0.05
11 0.4140625 0.53359375 0.0625 0.0484375
4 0.47421875 0.53203125 0.059375 0.0484375
8 0.93515625 0.49609375 0.0609375 0.0515625
17 0.3625 0.58984375 0.0578125 0.05
16 0.425 0.58203125 0.0625 0.05
11 0.53828125 0.575 0.0578125 0.0484375
8 0.65703125 0.56640625 0.0625 0.05
18 0.76953125 0.5546875 0.0640625 0.0515625
8 0.8875 0.54453125 0.071875 0.053125
8 0.1140625 0.6640625 0.06875 0.053125
1 0.1765625 0.65390625 0.065625 0.05
14 0.24453125 0.64921875 0.0640625 0.053125
19 0.47734375 0.6265625 0.065625 0.0546875
1 0.54140625 0.6234375 0.0625 0.053125
4 0.65859375 0.615625 0.0640625 0.053125
14 0.72265625 0.60703125 0.0625 0.0515625
4 0.84140625 0.596875 0.0671875 0.053125
4 0.12109375 0.71640625 0.0640625 0.0546875
0 0.23984375 0.703125 0.0625 0.053125
3 0.35703125 0.690625 0.0640625 0.05625
8 0.48515625 0.6796875 0.0671875 0.053125
9 0.55 0.67578125 0.0671875 0.05625
17 0.66640625 0.66484375 0.0671875 0.053125
0 0.72421875 0.6578125 0.0640625 0.0546875
3 0.78984375 0.6515625 0.0703125 0.0546875
13 0.91015625 0.6421875 0.071875 0.0546875
7 0.4859375 0.73203125 0.0640625 0.0546875
3 0.5453125 0.73046875 0.0640625 0.05625
17 0.6125 0.71953125 0.0640625 0.05625
13 0.73125 0.709375 0.0671875 0.0546875
15 0.79765625 0.70390625 0.065625 0.05625
13 0.85546875 0.69765625 0.0625 0.05625
3 0.1234375 0.8171875 0.071875 0.0609375
20 0.24453125 0.80546875 0.0609375 0.05625
6 0.31484375 0.8 0.0640625 0.05625
0 0.38046875 0.7921875 0.0671875 0.059375
20 0.128125 0.8734375 0.0671875 0.0578125
17 0.246875 0.8640625 0.0671875 0.0625
19 0.38984375 0.84453125 0.065625 0.059375