12 0.24375 0.1625 0.0578125 0.0484375
19 0.29609375 0.1671875 0.0578125 0.0484375
3 0.346875 0.17109375 0.0578125 0.0484375
4 0.396875 0.17265625 0.0546875 0.046875
0 0.45 0.1765625 0.0546875 0.0453125
15 0.64765625 0.18671875 0.0546875 0.04375
14 0.4453125 0.21640625 0.05625 0.04375
13 0.64453125 0.2265625 0.0546875 0.0453125
2 0.69296875 0.22890625 0.05625 0.046875
8 0.74140625 0.2359375 0.05625 0.0484375
9 0.79140625 0.2375 0.05625 0.0453125
11 0.84375 0.24453125 0.053125 0.0453125
1 0.440625 0.25625 0.053125 0.0453125
15 0.64296875 0.26640625 0.053125 0.0453125
5 0.78828125 0.278125 0.0609375 0.046875
5 0.440625 0.29765625 0.0546875 0.0453125
20 0.6390625 0.30546875 0.0546875 0.046875
13 0.78828125 0.31875 0.0546875 0.0453125
7 0.23515625 0.325 0.0546875 0.046875
4 0.28515625 0.32734375 0.0578125 0.0453125
8 0.3375 0.33203125 0.0546875 0.0453125
11 0.38671875 0.3359375 0.05625 0.046875
19 0.4359375 0.3375 0.05625 0.0453125
4 0.4875 0.34140625 0.053125 0.046875
21 0.53828125 0.34453125 0.053125 0.046875
14 0.5890625 0.346875 0.053125 0.0453125
4 0.64140625 0.34921875 0.0515625 0.0453125
8 0.78828125 0.36015625 0.05625 0.0453125
0 0.8375 0.3625 0.0546875 0.0453125
2 0.88828125 0.36484375 0.0546875 0.0453125
17 0.93671875 0.36875 0.0515625 0.0453125
23 0.2359375 0.365625 0.053125 0.0453125
8 0.58671875 0.390625 0.0546875 0.0453125
18 0.68515625 0.39140625 0.053125 0.0453125
8 0.93515625 0.4125 0.05625 0.0453125
1 0.23671875 0.40546875 0.05625 0.04375
24 0.334375 0.4125 0.0546875 0.0453125
0 0.4359375 0.41640625 0.053125 0.0453125
18 0.58359375 0.43203125 0.0546875 0.0453125
3 0.68359375 0.43203125 0.0546875 0.04375
4 0.93515625 0.4546875 0.05625 0.0453125
4 0.33359375 0.45234375 0.053125 0.0421875
11 0.38515625 0.4578125 0.053125 0.0453125
4 0.4328125 0.46015625 0.05625 0.04375
16 0.48515625 0.46171875 0.0515625 0.0453125
0 0.6796875 0.47265625 0.05625 0.0453125
19 0.7296875 0.47421875 0.05625 0.0453125
17 0.7828125 0.475 0.0546875 0.0453125
14 0.2796875 0.4875 0.0546875 0.0453125
13 0.33046875 0.4921875 0.05625 0.0453125
6 0.778125 0.51484375 0.05625 0.0453125
14 0.83125 0.52265625 0.05625 0.0453125
8 0.88046875 0.52421875 0.0578125 0.0453125
10 0.93125 0.528125 0.053125 0.0453125
8 0.28046875 0.52890625 0.05625 0.04375
18 0.47578125 0.540625 0.0546875 0.046875
8 0.52890625 0.54609375 0.0546875 0.04375
14 0.578125 0.5484375 0.0546875 0.0453125
0 0.62734375 0.5546875 0.053125 0.0453125
13 0.778125 0.5578125 0.0578125 0.0453125
6 0.8765625 0.565625 0.059375 0.04375
18 0.22265625 0.56875 0.0625 0.0515625
22 0.27890625 0.56875 0.0625 0.0484375
20 0.42109375 0.58125 0.059375 0.0453125
0 0.47421875 0.58203125 0.05625 0.0453125
3 0.62578125 0.59453125 0.0546875 0.0453125
4 0.67578125 0.596875 0.05625 0.0453125
17 0.728125 0.6 0.05625 0.0453125
6 0.7765625 0.6015625 0.05625 0.046875
7 0.87734375 0.6046875 0.059375 0.046875
4 0.22109375 0.6109375 0.0546875 0.0453125
25 0.271875 0.61328125 0.0546875 0.0453125
0 0.321875 0.61328125 0.0625 0.05
19 0.37265625 0.6203125 0.059375 0.0484375
17 0.4265625 0.62265625 0.05625 0.046875
3 0.475 0.6234375 0.0546875 0.0453125
22 0.62421875 0.6375 0.0578125 0.046875
20 0.87421875 0.64609375 0.0625 0.046875
13 0.21640625 0.653125 0.0578125 0.0453125
12 0.31953125 0.65390625 0.059375 0.046875
20 0.47265625 0.66484375 0.0578125 0.046875
4 0.621875 0.678125 0.0578125 0.0453125
24 0.8203125 0.684375 0.05625 0.0453125
19 0.871875 0.68828125 0.0546875 0.0453125
4 0.2140625 0.69375 0.05625 0.04375
13 0.3171875 0.69609375 0.0546875 0.04375
8 0.46484375 0.7078125 0.059375 0.0453125
11 0.51953125 0.71171875 0.0546875 0.0484375
17 0.5734375 0.71640625 0.0546875 0.0453125
14 0.765625 0.721875 0.05625 0.0453125
17 0.82109375 0.72734375 0.05625 0.0453125
19 0.21171875 0.734375 0.059375 0.0453125
21 0.2671875 0.734375 0.05625 0.046875
14 0.31640625 0.7375 0.05625 0.0453125