1 0.19140625 0.16875 0.0546875 0.0453125
4 0.2453125 0.1640625 0.053125 0.04375
11 0.296875 0.165625 0.05 0.04375
3 0.34453125 0.16171875 0.05 0.04375
0 0.39453125 0.16015625 0.05 0.04375
4 0.44375 0.15859375 0.0484375 0.0421875
18 0.546875 0.14921875 0.05 0.04375
15 0.64453125 0.14609375 0.0515625 0.0421875
4 0.6953125 0.14765625 0.05 0.0453125
3 0.74765625 0.146875 0.046875 0.04375
5 0.19453125 0.2109375 0.05 0.0421875
14 0.44375 0.2015625 0.053125 0.0421875
12 0.490625 0.19765625 0.0515625 0.0453125
5 0.54765625 0.19375 0.05 0.0421875
8 0.596875 0.1921875 0.05 0.04375
24 0.65 0.1890625 0.0515625 0.04375
17 0.74765625 0.18984375 0.0515625 0.040625
2 0.79765625 0.18671875 0.0515625 0.0453125
8 0.85078125 0.18515625 0.0546875 0.0453125
13 0.909375 0.18125 0.053125 0.0453125
8 0.196875 0.2515625 0.0546875 0.04375
20 0.246875 0.2453125 0.0515625 0.0453125
4 0.29765625 0.2453125 0.0546875 0.04375
17 0.4453125 0.24453125 0.05 0.0421875
4 0.5453125 0.23515625 0.0484375 0.04375
19 0.6515625 0.2328125 0.05 0.0453125
0 0.7515625 0.22890625 0.053125 0.04375
25 0.1953125 0.2921875 0.0515625 0.0421875
3 0.44609375 0.28671875 0.053125 0.0453125
24 0.55078125 0.2765625 0.0515625 0.0421875
17 0.7546875 0.271875 0.0578125 0.04375
13 0.19453125 0.33515625 0.0515625 0.04375
20 0.2484375 0.32890625 0.053125 0.04375
7 0.30078125 0.32421875 0.0546875 0.04375
11 0.35234375 0.3203125 0.053125 0.046875
8 0.5015625 0.31875 0.053125 0.0453125
16 0.5546875 0.31640625 0.05 0.0453125
4 0.60625 0.31484375 0.05 0.0421875
13 0.50546875 0.3640625 0.0515625 0.0453125
8 0.19453125 0.37734375 0.0515625 0.0421875
22 0.6078125 0.35703125 0.0546875 0.04375
0 0.66015625 0.35390625 0.05 0.040625
23 0.7140625 0.35078125 0.0484375 0.0421875
17 0.8609375 0.34296875 0.0546875 0.0453125
6 0.19765625 0.41796875 0.0515625 0.0421875
13 0.2546875 0.4125 0.053125 0.04375
6 0.71015625 0.3953125 0.05 0.04375
19 0.76484375 0.39375 0.053125 0.0453125
19 0.81875 0.390625 0.05 0.0421875
15 0.8703125 0.38671875 0.05 0.0421875
12 0.921875 0.38515625 0.0546875 0.04375
18 0.2015625 0.4578125 0.0515625 0.0421875
4 0.71484375 0.4375 0.0546875 0.0453125
11 0.86640625 0.4296875 0.05625 0.04375
21 0.203125 0.49765625 0.05 0.0421875
14 0.25390625 0.4921875 0.0546875 0.04375
1 0.3078125 0.49140625 0.053125 0.0421875
18 0.36328125 0.48828125 0.0515625 0.0421875
8 0.5671875 0.478125 0.0515625 0.04375
8 0.715625 0.4796875 0.0546875 0.0421875
3 0.81640625 0.4703125 0.05625 0.0421875
10 0.875 0.4734375 0.053125 0.04375
19 0.925 0.46796875 0.053125 0.04375
4 0.2 0.54140625 0.053125 0.04375
13 0.35703125 0.5328125 0.053125 0.04375
14 0.41171875 0.52890625 0.0515625 0.0421875
19 0.4625 0.52578125 0.0484375 0.0421875
8 0.51484375 0.5234375 0.0515625 0.0421875
7 0.56796875 0.52265625 0.05 0.0421875
22 0.61953125 0.52109375 0.053125 0.0421875
17 0.77109375 0.51953125 0.05625 0.04375
18 0.8265625 0.5171875 0.0546875 0.0453125
13 0.19765625 0.58515625 0.053125 0.04375
14 0.3609375 0.575 0.053125 0.04375
21 0.46484375 0.56953125 0.0515625 0.04375
0 0.61875 0.56640625 0.053125 0.0421875
0 0.30234375 0.61640625 0.053125 0.04375
4 0.3578125 0.61640625 0.0515625 0.04375
9 0.4609375 0.61171875 0.0515625 0.04375
4 0.62265625 0.60859375 0.053125 0.0421875
0 0.3609375 0.66015625 0.0515625 0.04375
11 0.46171875 0.6546875 0.0515625 0.04375
8 0.5171875 0.65390625 0.0515625 0.04375
20 0.57109375 0.65 0.053125 0.0453125
19 0.621875 0.6515625 0.0515625 0.0453125
0 0.67578125 0.64765625 0.053125 0.0453125
20 0.2 0.7078125 0.0546875 0.0453125
6 0.25546875 0.7046875 0.0546875 0.046875
17 0.31015625 0.70390625 0.0546875 0.0453125
2 0.36328125 0.70234375 0.0546875 0.04375
4 0.1984375 0.75546875 0.0546875 0.0453125