6 0.296875 0.26953125 0.0484375 0.03984375
17 0.39765625 0.26015625 0.04375 0.03984375
8 0.5015625 0.26015625 0.05 0.040625
16 0.1890625 0.31796875 0.05 0.03984375
3 0.2421875 0.3140625 0.05078125 0.0390625
20 0.29609375 0.3125 0.0484375 0.040625
13 0.346875 0.30859375 0.04765625 0.03984375
25 0.39609375 0.30703125 0.0484375 0.040625
21 0.44921875 0.30625 0.04921875 0.0390625
4 0.5 0.30546875 0.046875 0.040625
1 0.553125 0.30546875 0.0484375 0.040625
11 0.60703125 0.30625 0.05 0.0390625
0 0.6578125 0.3015625 0.04921875 0.040625
17 0.709375 0.30078125 0.05234375 0.040625
22 0.7609375 0.29921875 0.0515625 0.0421875
4 0.24375 0.35859375 0.053125 0.04140625
4 0.4 0.34921875 0.05 0.040625
5 0.1953125 0.40234375 0.0515625 0.0421875
3 0.24765625 0.40234375 0.04921875 0.0421875
20 0.3515625 0.390625 0.04921875 0.0421875
13 0.40078125 0.390625 0.05 0.04140625
4 0.4546875 0.39140625 0.0484375 0.040625
0 0.5046875 0.3921875 0.05 0.040625
7 0.55703125 0.38984375 0.05 0.0421875
24 0.19609375 0.44453125 0.04921875 0.0390625
12 0.3546875 0.43359375 0.05078125 0.040625
11 0.65703125 0.42578125 0.04921875 0.040625
4 0.71328125 0.42421875 0.05078125 0.04140625
22 0.76484375 0.42421875 0.053125 0.0421875
11 0.81796875 0.4234375 0.04921875 0.040625
13 0.86953125 0.42109375 0.053125 0.04140625
19 0.19609375 0.48671875 0.05234375 0.040625
15 0.2515625 0.48203125 0.0515625 0.04140625
8 0.3046875 0.47890625 0.05078125 0.040625
18 0.35625 0.478125 0.05234375 0.0421875
8 0.40625 0.47578125 0.05078125 0.0390625
14 0.459375 0.47578125 0.0515625 0.0390625
18 0.50859375 0.47421875 0.0484375 0.0390625
24 0.559375 0.47421875 0.04765625 0.03984375
2 0.6109375 0.47265625 0.05 0.040625
4 0.66328125 0.46796875 0.05078125 0.04140625
0 0.35703125 0.521875 0.05 0.040625
17 0.50859375 0.51953125 0.05078125 0.04296875
4 0.196875 0.56875 0.04921875 0.040625
17 0.25390625 0.565625 0.05 0.040625
8 0.30703125 0.56484375 0.05 0.040625
13 0.359375 0.5640625 0.053125 0.040625
4 0.5140625 0.5625 0.0515625 0.03984375
18 0.66171875 0.55 0.0484375 0.0421875
8 0.71875 0.54921875 0.053125 0.040625
7 0.77109375 0.5515625 0.05 0.0421875
17 0.825 0.55078125 0.05078125 0.04140625
3 0.20078125 0.61171875 0.04921875 0.040625
6 0.51640625 0.60390625 0.05078125 0.04140625
14 0.565625 0.6 0.04921875 0.03984375
23 0.61640625 0.596875 0.05234375 0.03984375
3 0.6671875 0.5953125 0.05 0.040625
6 0.82265625 0.59453125 0.05703125 0.04453125
13 0.203125 0.653125 0.0515625 0.04140625
4 0.3109375 0.64453125 0.05078125 0.040625
8 0.3640625 0.64375 0.0484375 0.04140625
12 0.41484375 0.64296875 0.04921875 0.0421875
14 0.46328125 0.6421875 0.053125 0.04375
19 0.77421875 0.6375 0.05234375 0.0421875
18 0.82890625 0.6390625 0.0515625 0.040625
19 0.8796875 0.63515625 0.05234375 0.0421875
19 0.2046875 0.6984375 0.05234375 0.0421875
14 0.25703125 0.68828125 0.05078125 0.04140625
13 0.31328125 0.6859375 0.053125 0.040625
4 0.828125 0.68203125 0.04921875 0.040625
8 0.2109375 0.73984375 0.05 0.040625
19 0.515625 0.725 0.05078125 0.04375
0 0.5640625 0.725 0.0484375 0.040625
8 0.6171875 0.721875 0.05078125 0.0421875
21 0.67265625 0.7234375 0.05078125 0.040625
10 0.72578125 0.7203125 0.05078125 0.0421875
19 0.77578125 0.7234375 0.0515625 0.04296875
5 0.83203125 0.72578125 0.04921875 0.040625
0 0.88671875 0.7203125 0.05234375 0.0421875
2 0.20859375 0.78125 0.04921875 0.040625
0 0.2625 0.76953125 0.05234375 0.040625
15 0.3140625 0.7734375 0.04921875 0.040625
17 0.36328125 0.77109375 0.04921875 0.04296875
9 0.41953125 0.7703125 0.04921875 0.0421875
8 0.51953125 0.7703125 0.04921875 0.04296875
20 0.57421875 0.7703125 0.0515625 0.0421875
1 0.21171875 0.8234375 0.04921875 0.0421875
11 0.46484375 0.81640625 0.04921875 0.04296875
0 0.5234375 0.8140625 0.05078125 0.0421875
4 0.2109375 0.865625 0.0515625 0.04140625
20 0.26796875 0.8609375 0.0515625 0.04375