17 0.1890625 0.29921875 0.05 0.04375
6 0.24140625 0.2953125 0.053125 0.04375
0 0.29140625 0.28671875 0.053125 0.04375
20 0.34140625 0.28359375 0.053125 0.04375
8 0.39296875 0.2796875 0.0515625 0.04375
14 0.246875 0.3375 0.0515625 0.0421875
13 0.396875 0.3234375 0.0515625 0.0453125
15 0.4484375 0.31640625 0.05 0.0421875
13 0.49921875 0.309375 0.0515625 0.0453125
8 0.54765625 0.30703125 0.05 0.0453125
2 0.59765625 0.30078125 0.05 0.04375
14 0.65 0.29765625 0.0546875 0.0453125
20 0.24921875 0.37734375 0.0515625 0.04375
7 0.50546875 0.35390625 0.05 0.0453125
8 0.60078125 0.34609375 0.05 0.0453125
0 0.70234375 0.33125 0.053125 0.0421875
8 0.2515625 0.4203125 0.0546875 0.04375
4 0.4015625 0.39921875 0.0515625 0.0453125
4 0.50390625 0.39765625 0.05 0.04375
5 0.60234375 0.38671875 0.05 0.0453125
7 0.70546875 0.371875 0.053125 0.04375
17 0.25546875 0.4609375 0.053125 0.04375
17 0.40625 0.440625 0.053125 0.04375
4 0.50859375 0.43828125 0.0515625 0.0453125
2 0.60546875 0.428125 0.053125 0.0421875
3 0.71171875 0.41484375 0.053125 0.04375
24 0.8703125 0.40703125 0.0578125 0.0453125
6 0.25546875 0.503125 0.0546875 0.0453125
8 0.309375 0.4921875 0.053125 0.04375
4 0.359375 0.4890625 0.053125 0.04375
18 0.4125 0.48203125 0.0515625 0.04375
4 0.51484375 0.48125 0.05625 0.046875
4 0.61328125 0.46953125 0.0578125 0.046875
0 0.66328125 0.46171875 0.05625 0.0453125
11 0.71640625 0.45859375 0.053125 0.04375
14 0.76796875 0.45234375 0.053125 0.04375
17 0.81796875 0.4515625 0.0515625 0.04375
19 0.87265625 0.45 0.05625 0.046875
15 0.3109375 0.53828125 0.053125 0.04375
20 0.6140625 0.5125 0.05625 0.0453125
11 0.8203125 0.490625 0.053125 0.04375
10 0.21171875 0.584375 0.0515625 0.0453125
18 0.26484375 0.58125 0.053125 0.0453125
21 0.31328125 0.57890625 0.053125 0.04375
23 0.3640625 0.57421875 0.0515625 0.0421875
4 0.41328125 0.5703125 0.0515625 0.04375
22 0.465625 0.56484375 0.053125 0.0453125
8 0.56015625 0.55625 0.053125 0.0453125
6 0.6171875 0.55390625 0.05 0.0453125
0 0.7125 0.54296875 0.053125 0.04375
13 0.771875 0.53671875 0.0546875 0.04375
16 0.82578125 0.53203125 0.0515625 0.0453125
17 0.878125 0.52578125 0.0515625 0.04375
4 0.209375 0.628125 0.053125 0.0453125
11 0.31796875 0.62421875 0.05625 0.0453125
3 0.3703125 0.61796875 0.0515625 0.0453125
14 0.428125 0.6171875 0.0515625 0.04375
4 0.6265625 0.59609375 0.053125 0.04375
4 0.83359375 0.57421875 0.05625 0.04375
19 0.209375 0.671875 0.059375 0.046875
13 0.32421875 0.665625 0.053125 0.04375
0 0.57421875 0.63984375 0.0546875 0.046875
11 0.6296875 0.6421875 0.053125 0.0453125
22 0.78515625 0.61875 0.05625 0.0453125
19 0.840625 0.6171875 0.053125 0.0453125
24 0.89375 0.61171875 0.053125 0.0453125
17 0.2125 0.71796875 0.05625 0.0453125
18 0.26875 0.709375 0.053125 0.046875
18 0.47265625 0.6859375 0.0515625 0.046875
8 0.525 0.6859375 0.0546875 0.0453125
13 0.5796875 0.6859375 0.05 0.0453125
1 0.63671875 0.68359375 0.053125 0.046875
9 0.84296875 0.66171875 0.05625 0.0453125
4 0.47421875 0.73046875 0.053125 0.046875
19 0.53203125 0.7296875 0.0515625 0.0453125
12 0.6390625 0.73125 0.053125 0.046875
1 0.79375 0.70859375 0.053125 0.046875
8 0.85078125 0.7078125 0.05625 0.0453125
3 0.90625 0.703125 0.05625 0.0453125
8 0.9625 0.6984375 0.0609375 0.0484375
3 0.221875 0.79375 0.0546875 0.0484375
25 0.27421875 0.78984375 0.0578125 0.046875
0 0.32890625 0.78671875 0.05625 0.0515625
13 0.378125 0.78359375 0.0578125 0.0515625
0 0.43125 0.7796875 0.053125 0.046875
21 0.484375 0.77421875 0.0515625 0.046875
14 0.79453125 0.7578125 0.0578125 0.0484375
14 0.85859375 0.7515625 0.05625 0.046875
20 0.275 0.83515625 0.053125 0.046875
19 0.48515625 0.821875 0.0515625 0.05
5 0.8078125 0.8015625 0.0578125 0.046875
14 0.27734375 0.88125 0.05625 0.0484375
14 0.4375 0.8703125 0.053125 0.05
19 0.48828125 0.865625 0.053125 0.046875
12 0.54296875 0.85703125 0.05625 0.0515625
4 0.6 0.85546875 0.053125 0.0484375