16 0.0333 0.0333 0.0667 0.0667
13 0.1000 0.0333 0.0667 0.0667
14 0.3000 0.0333 0.0667 0.0667
1 0.5000 0.0333 0.0667 0.0667
17 0.9000 0.0333 0.0667 0.0667
1 0.0333 0.1000 0.0667 0.0667
6 0.4333 0.1000 0.0667 0.0667
10 0.5000 0.1000 0.0667 0.0667
16 0.6333 0.1000 0.0667 0.0667
7 0.7000 0.1000 0.0667 0.0667
22 0.1667 0.1667 0.0667 0.0667
15 0.3667 0.1667 0.0667 0.0667
12 0.4333 0.1667 0.0667 0.0667
16 0.1667 0.2333 0.0667 0.0667
8 0.2333 0.2333 0.0667 0.0667
15 0.4333 0.2333 0.0667 0.0667
12 0.6333 0.2333 0.0667 0.0667
17 0.0333 0.3000 0.0667 0.0667
25 0.3667 0.3000 0.0667 0.0667
20 0.4333 0.3000 0.0667 0.0667
10 0.5000 0.3000 0.0667 0.0667
23 0.6333 0.3000 0.0667 0.0667
3 0.7000 0.3000 0.0667 0.0667
13 0.0333 0.3667 0.0667 0.0667
23 0.1667 0.3667 0.0667 0.0667
13 0.5000 0.3667 0.0667 0.0667
14 0.5667 0.3667 0.0667 0.0667
1 0.7667 0.3667 0.0667 0.0667
6 0.9667 0.3667 0.0667 0.0667
24 0.1667 0.4333 0.0667 0.0667
8 0.2333 0.4333 0.0667 0.0667
1 0.4333 0.4333 0.0667 0.0667
6 0.5667 0.4333 0.0667 0.0667
5 0.6333 0.4333 0.0667 0.0667
4 0.7000 0.4333 0.0667 0.0667
9 0.1000 0.5000 0.0667 0.0667
5 0.3667 0.5000 0.0667 0.0667
4 0.4333 0.5000 0.0667 0.0667
1 0.5667 0.5000 0.0667 0.0667
5 0.9000 0.5000 0.0667 0.0667
4 0.1000 0.5667 0.0667 0.0667
23 0.3000 0.5667 0.0667 0.0667
23 0.3667 0.5667 0.0667 0.0667
5 0.7000 0.5667 0.0667 0.0667
8 0.7667 0.5667 0.0667 0.0667
15 0.9667 0.5667 0.0667 0.0667
23 0.1000 0.6333 0.0667 0.0667
11 0.2333 0.6333 0.0667 0.0667
25 0.3000 0.6333 0.0667 0.0667
24 0.3667 0.6333 0.0667 0.0667
18 0.4333 0.6333 0.0667 0.0667
9 0.5667 0.6333 0.0667 0.0667
2 0.9000 0.6333 0.0667 0.0667
16 0.5667 0.7000 0.0667 0.0667
20 0.6333 0.7000 0.0667 0.0667
18 0.0333 0.7667 0.0667 0.0667
7 0.3000 0.7667 0.0667 0.0667
23 0.3667 0.7667 0.0667 0.0667
16 0.5000 0.7667 0.0667 0.0667
11 0.7000 0.7667 0.0667 0.0667
20 0.7667 0.7667 0.0667 0.0667
6 0.9667 0.7667 0.0667 0.0667
21 0.1000 0.8333 0.0667 0.0667
21 0.1667 0.8333 0.0667 0.0667
22 0.2333 0.8333 0.0667 0.0667
10 0.4333 0.8333 0.0667 0.0667
23 0.5667 0.8333 0.0667 0.0667
24 0.7667 0.8333 0.0667 0.0667
9 0.8333 0.8333 0.0667 0.0667
20 0.9667 0.8333 0.0667 0.0667
3 0.1000 0.9000 0.0667 0.0667
25 0.1667 0.9000 0.0667 0.0667
10 0.3667 0.9000 0.0667 0.0667
14 0.4333 0.9000 0.0667 0.0667
20 0.5000 0.9000 0.0667 0.0667
20 0.5667 0.9000 0.0667 0.0667
7 0.7667 0.9000 0.0667 0.0667
11 0.9000 0.9000 0.0667 0.0667
14 0.1000 0.9667 0.0667 0.0667
9 0.2333 0.9667 0.0667 0.0667
14 0.4333 0.9667 0.0667 0.0667
16 0.5000 0.9667 0.0667 0.0667
8 0.5667 0.9667 0.0667 0.0667
2 0.6333 0.9667 0.0667 0.0667
11 0.8333 0.9667 0.0667 0.0667
