17 0.20390625 0.278125 0.04765625 0.040625
6 0.25625 0.278125 0.05 0.03984375
0 0.30703125 0.27265625 0.05 0.03984375
20 0.35703125 0.2734375 0.05 0.040625
8 0.40859375 0.27265625 0.04921875 0.040625
14 0.25859375 0.3203125 0.04921875 0.03828125
13 0.409375 0.31640625 0.04921875 0.04140625
15 0.46171875 0.31328125 0.04765625 0.0390625
13 0.5125 0.31015625 0.0484375 0.04140625
8 0.5609375 0.3109375 0.046875 0.04140625
2 0.61171875 0.3078125 0.04765625 0.040625
14 0.6640625 0.30859375 0.0515625 0.04140625
20 0.25859375 0.36015625 0.0484375 0.03984375
7 0.515625 0.3546875 0.04765625 0.04140625
8 0.6109375 0.353125 0.046875 0.04140625
0 0.71328125 0.34609375 0.05 0.0390625
8 0.2578125 0.403125 0.0515625 0.040625
4 0.40859375 0.39296875 0.0484375 0.04140625
4 0.5109375 0.3984375 0.046875 0.03984375
5 0.61015625 0.39453125 0.04765625 0.04140625
7 0.7140625 0.38671875 0.05 0.03984375
17 0.25859375 0.44375 0.05 0.03984375
17 0.4109375 0.434375 0.05 0.03984375
4 0.5125 0.4390625 0.0484375 0.04140625
2 0.61015625 0.4359375 0.05 0.0390625
3 0.7171875 0.4296875 0.05 0.040625
24 0.87578125 0.4328125 0.0546875 0.04140625
6 0.25546875 0.4859375 0.0515625 0.04140625
8 0.31015625 0.47890625 0.05 0.040625
4 0.36015625 0.47890625 0.05 0.03984375
18 0.4140625 0.47578125 0.04921875 0.040625
4 0.51640625 0.48203125 0.05390625 0.04296875
4 0.61484375 0.47734375 0.0546875 0.04296875
0 0.665625 0.4734375 0.05390625 0.04140625
11 0.71875 0.4734375 0.05 0.03984375
14 0.7703125 0.47109375 0.05078125 0.040625
17 0.8203125 0.47421875 0.04921875 0.03984375
19 0.875 0.47578125 0.05390625 0.04296875
15 0.30859375 0.525 0.05078125 0.040625
20 0.61328125 0.5203125 0.053125 0.04140625
11 0.8203125 0.51328125 0.05 0.03984375
10 0.20625 0.5640625 0.04921875 0.0421875
18 0.259375 0.56484375 0.05078125 0.04140625
21 0.30859375 0.565625 0.05 0.03984375
23 0.359375 0.56484375 0.04921875 0.03828125
4 0.40859375 0.5640625 0.04921875 0.03984375
22 0.4609375 0.5625 0.05078125 0.04140625
8 0.55625 0.56015625 0.05078125 0.04140625
6 0.61328125 0.56171875 0.046875 0.04140625
0 0.70859375 0.5578125 0.05 0.03984375
13 0.76875 0.55546875 0.0515625 0.040625
16 0.82265625 0.5546875 0.04921875 0.04140625
17 0.875 0.55234375 0.04921875 0.040625
4 0.20078125 0.6078125 0.05 0.04140625
11 0.31015625 0.6109375 0.053125 0.0421875
3 0.3625 0.60859375 0.04921875 0.04140625
14 0.4203125 0.61171875 0.04921875 0.040625
4 0.61953125 0.6046875 0.05 0.040625
4 0.82734375 0.59765625 0.053125 0.040625
19 0.1984375 0.6515625 0.05625 0.04375
13 0.31328125 0.653125 0.05078125 0.040625
0 0.5640625 0.64453125 0.05234375 0.04296875
11 0.61953125 0.65078125 0.05 0.0421875
22 0.7765625 0.63828125 0.05390625 0.04140625
19 0.83125 0.640625 0.05 0.0421875
24 0.88515625 0.6390625 0.05078125 0.04140625
17 0.19765625 0.69765625 0.053125 0.04140625
18 0.2546875 0.69296875 0.05 0.04296875
18 0.459375 0.68359375 0.04921875 0.04375
8 0.51171875 0.6875 0.05234375 0.04140625
13 0.56640625 0.69140625 0.04765625 0.04140625
1 0.6234375 0.69296875 0.05078125 0.04296875
9 0.83046875 0.68515625 0.053125 0.0421875
4 0.45859375 0.728125 0.05 0.04296875
19 0.515625 0.73125 0.04921875 0.04140625
12 0.62265625 0.740625 0.05078125 0.04296875
1 0.778125 0.72890625 0.05078125 0.04296875
8 0.83515625 0.73203125 0.053125 0.0421875
3 0.89140625 0.73125 0.05390625 0.0421875
8 0.94765625 0.73046875 0.0578125 0.04453125
3 0.20234375 0.7734375 0.0515625 0.04453125
25 0.2546875 0.7734375 0.0546875 0.04375
0 0.309375 0.77421875 0.053125 0.0484375
13 0.35859375 0.77421875 0.05390625 0.04765625
0 0.41171875 0.77421875 0.05078125 0.04375
21 0.465625 0.77265625 0.04921875 0.04375
14 0.77578125 0.77734375 0.05546875 0.04453125
14 0.83984375 0.77578125 0.053125 0.04296875
20 0.25234375 0.81875 0.05078125 0.04375
19 0.4625 0.8203125 0.04921875 0.04609375
5 0.7859375 0.82265625 0.05546875 0.04296875
14 0.2515625 0.86484375 0.053125 0.04453125
14 0.41171875 0.86484375 0.05078125 0.04609375
19 0.4625 0.8640625 0.05 0.04375
12 0.51796875 0.859375 0.053125 0.0484375
4 0.575 0.86171875 0.05 0.0453125