17 0.2078125 0.27265625 0.0484375 0.0421875
6 0.26015625 0.27421875 0.05 0.040625
0 0.3109375 0.26953125 0.05 0.040625
20 0.3609375 0.27109375 0.05 0.0421875
8 0.4125 0.27109375 0.05 0.0421875
14 0.26171875 0.31640625 0.05 0.0390625
13 0.4125 0.31484375 0.05 0.0421875
15 0.46484375 0.3125 0.0484375 0.040625
13 0.515625 0.31015625 0.0484375 0.0421875
8 0.5640625 0.31171875 0.046875 0.0421875
2 0.61484375 0.31015625 0.0484375 0.0421875
14 0.6671875 0.31171875 0.0515625 0.0421875
20 0.2609375 0.35625 0.0484375 0.040625
7 0.51796875 0.3546875 0.0484375 0.0421875
8 0.61328125 0.35546875 0.046875 0.0421875
0 0.715625 0.35 0.05 0.040625
8 0.259375 0.39921875 0.0515625 0.0421875
4 0.41015625 0.39140625 0.0484375 0.0421875
4 0.5125 0.3984375 0.046875 0.040625
5 0.61171875 0.39609375 0.0484375 0.0421875
7 0.715625 0.390625 0.05 0.040625
17 0.259375 0.43984375 0.05 0.040625
17 0.41171875 0.4328125 0.05 0.040625
4 0.51328125 0.4390625 0.0484375 0.0421875
2 0.6109375 0.4375 0.05 0.040625
3 0.71875 0.43359375 0.05 0.0421875
24 0.8765625 0.4390625 0.0546875 0.0421875
6 0.25546875 0.48203125 0.0515625 0.0421875
8 0.3109375 0.47578125 0.05 0.0421875
4 0.36015625 0.4765625 0.05 0.040625
18 0.41484375 0.47421875 0.05 0.0421875
4 0.51640625 0.48203125 0.0546875 0.04375
4 0.61484375 0.4796875 0.0546875 0.04375
0 0.66640625 0.4765625 0.0546875 0.0421875
11 0.71953125 0.47734375 0.05 0.040625
14 0.77109375 0.47578125 0.0515625 0.0421875
17 0.82109375 0.4796875 0.05 0.040625
19 0.875 0.48203125 0.0546875 0.04375
15 0.3078125 0.521875 0.0515625 0.0421875
20 0.61328125 0.52265625 0.053125 0.0421875
11 0.8203125 0.51875 0.05 0.040625
10 0.20546875 0.55859375 0.05 0.04375
18 0.25859375 0.5609375 0.0515625 0.0421875
21 0.3078125 0.5625 0.05 0.040625
23 0.35859375 0.5625 0.05 0.0390625
4 0.4078125 0.5625 0.05 0.040625
22 0.46015625 0.56171875 0.0515625 0.0421875
8 0.55546875 0.5609375 0.0515625 0.0421875
6 0.6125 0.5640625 0.046875 0.0421875
0 0.7078125 0.56171875 0.05 0.040625
13 0.76796875 0.56015625 0.0515625 0.0421875
16 0.821875 0.56015625 0.05 0.0421875
17 0.87421875 0.55859375 0.05 0.0421875
4 0.19921875 0.60234375 0.05 0.0421875
11 0.30859375 0.6078125 0.053125 0.04375
3 0.3609375 0.60625 0.05 0.0421875
14 0.41875 0.61015625 0.05 0.0421875
4 0.61796875 0.60703125 0.05 0.0421875
4 0.82578125 0.603125 0.053125 0.0421875
19 0.19609375 0.64609375 0.05625 0.0453125
13 0.3109375 0.65 0.0515625 0.0421875
0 0.56171875 0.6453125 0.053125 0.04375
11 0.6171875 0.653125 0.05 0.04375
22 0.77421875 0.64296875 0.0546875 0.0421875
19 0.82890625 0.64609375 0.05 0.04375
24 0.8828125 0.64609375 0.0515625 0.0421875
17 0.19453125 0.6921875 0.053125 0.0421875
18 0.2515625 0.68828125 0.05 0.04375
18 0.45625 0.6828125 0.05 0.0453125
8 0.50859375 0.6875 0.053125 0.0421875
13 0.56328125 0.6921875 0.0484375 0.0421875
1 0.6203125 0.6953125 0.0515625 0.04375
9 0.82734375 0.690625 0.053125 0.04375
4 0.4546875 0.72734375 0.05 0.04375
19 0.51171875 0.73125 0.05 0.0421875
12 0.61875 0.74296875 0.0515625 0.04375
1 0.77421875 0.73359375 0.0515625 0.04375
8 0.83125 0.7375 0.053125 0.04375
3 0.8875 0.73828125 0.0546875 0.04375
8 0.94375 0.73828125 0.0578125 0.0453125
3 0.19765625 0.76796875 0.0515625 0.0453125
25 0.25 0.76875 0.0546875 0.0453125
0 0.3046875 0.77109375 0.0546875 0.05
13 0.35390625 0.771875 0.0546875 0.0484375
0 0.40703125 0.77265625 0.0515625 0.0453125
21 0.4609375 0.771875 0.05 0.0453125
14 0.77109375 0.78203125 0.05625 0.0453125
14 0.83515625 0.78203125 0.053125 0.04375
20 0.246875 0.8140625 0.0515625 0.0453125
19 0.45703125 0.81953125 0.05 0.046875
5 0.78046875 0.82734375 0.05625 0.04375
14 0.2453125 0.86015625 0.053125 0.0453125
14 0.40546875 0.86328125 0.0515625 0.046875
19 0.45625 0.86328125 0.05 0.0453125
12 0.51171875 0.859375 0.0546875 0.05
4 0.56875 0.86328125 0.0515625 0.046875