12 0.22109375 0.18125 0.0546875 0.0453125
19 0.2734375 0.18203125 0.05546875 0.0453125
3 0.32421875 0.1828125 0.0546875 0.04453125
4 0.37421875 0.18046875 0.05234375 0.04375
0 0.42734375 0.18046875 0.0515625 0.04140625
15 0.62578125 0.17734375 0.0515625 0.040625
14 0.42578125 0.22109375 0.053125 0.040625
13 0.625 0.2171875 0.0515625 0.0421875
2 0.6734375 0.21640625 0.05390625 0.04375
8 0.72265625 0.21953125 0.05390625 0.0453125
9 0.77265625 0.21796875 0.05390625 0.0421875
11 0.825 0.22109375 0.05 0.0421875
1 0.4234375 0.2609375 0.05 0.04140625
15 0.6265625 0.25703125 0.05 0.04140625
5 0.771875 0.25859375 0.0578125 0.04296875
5 0.4265625 0.30234375 0.0515625 0.0421875
20 0.625 0.29609375 0.0515625 0.04375
13 0.775 0.29921875 0.0515625 0.04140625
7 0.2234375 0.34375 0.0515625 0.04296875
4 0.2734375 0.34296875 0.0546875 0.0421875
8 0.3265625 0.34375 0.05234375 0.0421875
11 0.37578125 0.34453125 0.053125 0.04296875
19 0.425 0.3421875 0.053125 0.04140625
4 0.4765625 0.34296875 0.05 0.04296875
21 0.52734375 0.3421875 0.05 0.04375
14 0.578125 0.34140625 0.05 0.04140625
4 0.63046875 0.33984375 0.0484375 0.0421875
8 0.778125 0.340625 0.053125 0.0421875
0 0.82734375 0.3390625 0.0515625 0.0421875
2 0.878125 0.33828125 0.0515625 0.04140625
17 0.9265625 0.33828125 0.0484375 0.04140625
23 0.22734375 0.384375 0.05 0.04140625
8 0.57890625 0.38515625 0.05234375 0.0421875
18 0.67734375 0.37890625 0.05 0.0421875
8 0.928125 0.38203125 0.053125 0.04140625
1 0.23046875 0.42421875 0.053125 0.040625
24 0.32890625 0.42421875 0.0515625 0.04140625
0 0.43046875 0.42109375 0.05078125 0.04140625
18 0.57890625 0.4265625 0.0515625 0.04140625
3 0.678125 0.41953125 0.05234375 0.040625
4 0.93125 0.42421875 0.05390625 0.04140625
4 0.33046875 0.4640625 0.05078125 0.0390625
11 0.3828125 0.465625 0.05 0.0421875
4 0.43046875 0.46484375 0.053125 0.040625
16 0.4828125 0.4625 0.0484375 0.04140625
0 0.67734375 0.46015625 0.053125 0.04140625
19 0.72734375 0.45859375 0.053125 0.04140625
17 0.78046875 0.45546875 0.0515625 0.04140625
14 0.2796875 0.503125 0.0515625 0.0421875
13 0.33046875 0.50390625 0.053125 0.0421875
6 0.778125 0.4953125 0.053125 0.04140625
14 0.83203125 0.49921875 0.05390625 0.0421875
8 0.88125 0.49765625 0.0546875 0.04140625
10 0.93203125 0.49765625 0.05 0.04140625
8 0.2828125 0.54453125 0.053125 0.040625
18 0.47890625 0.5421875 0.05234375 0.04296875
8 0.53203125 0.54375 0.05234375 0.040625
14 0.58125 0.54296875 0.0515625 0.04140625
0 0.63046875 0.5453125 0.05078125 0.0421875
13 0.78125 0.53828125 0.0546875 0.04140625
6 0.88046875 0.5390625 0.05625 0.040625
18 0.228125 0.58828125 0.06015625 0.046875
22 0.284375 0.584375 0.059375 0.04375
20 0.42734375 0.58671875 0.05625 0.0421875
0 0.4796875 0.58359375 0.05390625 0.0421875
3 0.63203125 0.58515625 0.05234375 0.0421875
4 0.68203125 0.584375 0.053125 0.04140625
17 0.734375 0.58359375 0.053125 0.04140625
6 0.7828125 0.58203125 0.05390625 0.04296875
7 0.88359375 0.578125 0.05703125 0.04296875
4 0.2296875 0.63046875 0.0515625 0.04140625
25 0.28046875 0.62890625 0.0515625 0.04140625
0 0.33046875 0.62578125 0.059375 0.0453125
19 0.38125 0.62890625 0.05625 0.04453125
17 0.43515625 0.62734375 0.05390625 0.04375
3 0.48359375 0.625 0.05234375 0.0421875
22 0.63359375 0.628125 0.0546875 0.04296875
20 0.88359375 0.61953125 0.059375 0.04296875
13 0.228125 0.67265625 0.0546875 0.0421875
12 0.33046875 0.66640625 0.05625 0.04375
20 0.484375 0.66640625 0.05546875 0.04296875
4 0.634375 0.66953125 0.0546875 0.04140625
24 0.83203125 0.66171875 0.053125 0.0421875
19 0.884375 0.66171875 0.0515625 0.04140625
4 0.228125 0.71328125 0.053125 0.040625
13 0.33125 0.70859375 0.0515625 0.040625
8 0.4796875 0.709375 0.05625 0.0421875
11 0.534375 0.71015625 0.0515625 0.04453125
17 0.58828125 0.7109375 0.0515625 0.0421875
14 0.78046875 0.703125 0.053125 0.0421875
17 0.8359375 0.7046875 0.05390625 0.04140625
19 0.22890625 0.75390625 0.05625 0.04140625
21 0.284375 0.75 0.05390625 0.04296875
14 0.33359375 0.75 0.05390625 0.0421875