14 0.5171875 0.1859375 0.05 0.04375
19 0.57578125 0.19375 0.0484375 0.040625
4 0.62421875 0.19375 0.0484375 0.0421875
18 0.92734375 0.19921875 0.0515625 0.04375
0 0.221875 0.228125 0.0515625 0.0421875
20 0.27578125 0.22421875 0.0515625 0.0421875
8 0.915625 0.24921875 0.0515625 0.0453125
2 0.321875 0.26875 0.0484375 0.0421875
11 0.36875 0.26796875 0.05 0.040625
3 0.2171875 0.30390625 0.05 0.0421875
17 0.26953125 0.3046875 0.0484375 0.040625
14 0.31953125 0.31015625 0.05 0.040625
8 0.3671875 0.3140625 0.0484375 0.0421875
1 0.6140625 0.31328125 0.053125 0.04375
20 0.66953125 0.315625 0.053125 0.0453125
8 0.76953125 0.315625 0.0515625 0.0421875
13 0.821875 0.31640625 0.0515625 0.04375
5 0.875 0.31796875 0.05625 0.04375
10 0.928125 0.32265625 0.053125 0.04375
9 0.215625 0.346875 0.053125 0.0421875
3 0.27109375 0.34453125 0.0515625 0.0390625
14 0.50078125 0.353125 0.0578125 0.046875
19 0.5640625 0.3546875 0.0484375 0.0421875
4 0.61796875 0.35546875 0.05625 0.046875
12 0.66875 0.36640625 0.05 0.04375
13 0.76640625 0.36171875 0.05625 0.04375
4 0.815625 0.36171875 0.0546875 0.04375
25 0.871875 0.3609375 0.053125 0.0453125
3 0.31015625 0.3859375 0.053125 0.04375
1 0.3625 0.3859375 0.053125 0.04375
0 0.4140625 0.39140625 0.0515625 0.040625
13 0.46328125 0.390625 0.0484375 0.0421875
8 0.2125 0.425 0.0515625 0.0421875
4 0.26484375 0.42578125 0.0515625 0.0421875
21 0.50859375 0.4328125 0.0515625 0.0421875
0 0.5578125 0.4359375 0.05 0.0421875
12 0.66640625 0.43984375 0.05 0.0421875
0 0.71640625 0.43984375 0.05 0.0421875
21 0.815625 0.4421875 0.053125 0.040625
0 0.87421875 0.4390625 0.053125 0.04375
4 0.31328125 0.46875 0.0515625 0.040625
15 0.3703125 0.46875 0.0515625 0.040625
17 0.51328125 0.47578125 0.05 0.040625
13 0.5625 0.47578125 0.05 0.0421875
22 0.61953125 0.478125 0.0515625 0.0421875
2 0.66796875 0.48125 0.0515625 0.0453125
4 0.76171875 0.48125 0.0546875 0.0421875
14 0.815625 0.4859375 0.0515625 0.0421875
8 0.91953125 0.48984375 0.053125 0.0421875
4 0.20625 0.5046875 0.053125 0.040625
4 0.26015625 0.50625 0.0515625 0.040625
3 0.4125 0.51171875 0.05 0.040625
0 0.46328125 0.51171875 0.0484375 0.0390625
19 0.76015625 0.52421875 0.0546875 0.04375
19 0.8140625 0.5265625 0.053125 0.0421875
6 0.86640625 0.52734375 0.0515625 0.0421875
20 0.92265625 0.53359375 0.0546875 0.04375
17 0.2078125 0.54609375 0.053125 0.0421875
18 0.25859375 0.5484375 0.05 0.0390625
0 0.309375 0.54765625 0.0515625 0.0390625
7 0.359375 0.55078125 0.0515625 0.040625
24 0.5578125 0.55390625 0.053125 0.0453125
11 0.6109375 0.55703125 0.0515625 0.0421875
4 0.66328125 0.559375 0.05625 0.04375
14 0.71484375 0.56484375 0.0546875 0.04375
11 0.765625 0.56640625 0.053125 0.04375
17 0.203125 0.58984375 0.0515625 0.0421875
17 0.25859375 0.590625 0.0515625 0.0421875
8 0.359375 0.59375 0.0515625 0.040625
16 0.4109375 0.59296875 0.05 0.0421875
4 0.5578125 0.596875 0.05 0.0421875
4 0.6109375 0.60078125 0.0515625 0.04375
22 0.76484375 0.60703125 0.05 0.0421875
7 0.81796875 0.60703125 0.053125 0.0453125
6 0.86875 0.61015625 0.0515625 0.0421875
17 0.9203125 0.6125 0.053125 0.0453125
19 0.19921875 0.63046875 0.053125 0.0421875
5 0.2578125 0.6328125 0.0484375 0.0421875
13 0.35859375 0.63671875 0.05 0.04375
13 0.41171875 0.63828125 0.0484375 0.0421875
8 0.5046875 0.6359375 0.0515625 0.0421875
18 0.56015625 0.64296875 0.0484375 0.040625
14 0.66484375 0.63984375 0.0515625 0.04375
14 0.7140625 0.6421875 0.0546875 0.04375
8 0.35078125 0.68125 0.0515625 0.0421875
18 0.41328125 0.68046875 0.05 0.0421875
0 0.6046875 0.68359375 0.053125 0.0421875
20 0.7609375 0.68984375 0.0515625 0.04375
4 0.81328125 0.68828125 0.0515625 0.04375
15 0.86640625 0.6921875 0.05625 0.046875
6 0.196875 0.71171875 0.0546875 0.0453125
14 0.25390625 0.709375 0.0546875 0.04375
24 0.45234375 0.72265625 0.05 0.0421875
11 0.50390625 0.7234375 0.05 0.04375
19 0.75625 0.73359375 0.0515625 0.04375
8 0.809375 0.73046875 0.0515625 0.0421875
23 0.49765625 0.76875 0.0515625 0.04375
0 0.5578125 0.76953125 0.0515625 0.04375