19 0.2609375 0.16796875 0.046875 0.0375
17 0.30703125 0.17109375 0.04375 0.0375
8 0.35078125 0.17578125 0.046875 0.0390625
3 0.4484375 0.1796875 0.05 0.0390625
4 0.3109375 0.20625 0.0453125 0.0359375
12 0.30546875 0.24296875 0.0453125 0.0375
14 0.3515625 0.24375 0.0453125 0.0390625
21 0.34765625 0.28203125 0.046875 0.0375
0 0.39296875 0.28515625 0.05 0.0421875
13 0.43984375 0.28984375 0.0484375 0.0390625
4 0.4890625 0.29453125 0.0484375 0.040625
0 0.3453125 0.31953125 0.046875 0.0375
0 0.3 0.3171875 0.0484375 0.0390625
12 0.2953125 0.35390625 0.046875 0.040625
20 0.29453125 0.39140625 0.05 0.040625
4 0.4921875 0.25859375 0.0421875 0.0390625
22 0.4921875 0.21953125 0.0484375 0.0390625
17 0.53828125 0.2234375 0.046875 0.040625
4 0.58515625 0.22890625 0.04375 0.0390625
13 0.6328125 0.234375 0.0484375 0.040625
21 0.59140625 0.18984375 0.0453125 0.040625
19 0.5765625 0.26640625 0.046875 0.0375
14 0.5703125 0.3078125 0.0453125 0.0390625
14 0.6359375 0.19765625 0.0484375 0.0390625
19 0.6796875 0.20078125 0.0453125 0.0375
4 0.72734375 0.20234375 0.046875 0.0359375
1 0.71953125 0.23828125 0.0453125 0.0390625
20 0.7640625 0.24140625 0.046875 0.0375
8 0.80625 0.28203125 0.04375 0.0390625
13 0.8609375 0.29453125 0.0515625 0.0375
10 0.90625 0.296875 0.0515625 0.0375
8 0.9140625 0.259375 0.0484375 0.0390625
18 0.91640625 0.22109375 0.046875 0.0390625
4 0.90546875 0.334375 0.046875 0.0375
13 0.80625 0.3203125 0.04375 0.0375
0 0.76328125 0.3171875 0.0453125 0.0390625
2 0.71875 0.31328125 0.0484375 0.040625
14 0.715625 0.35234375 0.0453125 0.040625
19 0.66796875 0.3453125 0.046875 0.040625
6 0.709375 0.38984375 0.0484375 0.040625
8 0.75390625 0.3921875 0.046875 0.040625
5 0.79921875 0.39765625 0.0453125 0.0390625
20 0.8 0.43515625 0.0484375 0.040625
17 0.7984375 0.47734375 0.046875 0.040625
25 0.89375 0.47421875 0.053125 0.040625
0 0.43828125 0.32734375 0.0453125 0.0390625
1 0.43671875 0.36875 0.0484375 0.0390625
14 0.4796875 0.371875 0.05 0.0390625
22 0.5296875 0.3765625 0.046875 0.0390625
14 0.52265625 0.41328125 0.046875 0.040625
15 0.42734375 0.44375 0.0484375 0.0390625
4 0.47109375 0.4484375 0.0484375 0.040625
4 0.515625 0.453125 0.046875 0.0375
17 0.5640625 0.45703125 0.04375 0.0375
0 0.56328125 0.496875 0.0453125 0.040625
23 0.6125 0.4921875 0.05 0.0390625
7 0.6625 0.45859375 0.046875 0.0375
4 0.6625 0.49609375 0.0484375 0.0421875
11 0.71015625 0.49921875 0.0484375 0.0390625
24 0.5640625 0.534375 0.046875 0.0390625
11 0.6578125 0.534375 0.046875 0.0390625
11 0.65546875 0.5734375 0.05 0.040625
0 0.7046875 0.57734375 0.053125 0.0421875
6 0.75234375 0.5796875 0.0484375 0.040625
20 0.75546875 0.6171875 0.05 0.040625
24 0.746875 0.6546875 0.046875 0.0421875
18 0.740625 0.69453125 0.053125 0.04375
0 0.79453125 0.6609375 0.0484375 0.040625
15 0.8390625 0.66484375 0.0484375 0.0421875
8 0.83984375 0.7046875 0.0484375 0.040625
19 0.83671875 0.74375 0.0515625 0.0421875
17 0.425 0.48046875 0.0484375 0.0390625
14 0.42265625 0.5171875 0.0484375 0.040625
7 0.4671875 0.5203125 0.05 0.040625
3 0.41953125 0.5546875 0.0484375 0.040625
8 0.371875 0.553125 0.046875 0.0390625
2 0.32578125 0.54765625 0.046875 0.0390625
0 0.278125 0.54375 0.046875 0.040625
11 0.2828125 0.50390625 0.05 0.0421875
3 0.4140625 0.5921875 0.05 0.0390625
4 0.40859375 0.6296875 0.046875 0.0421875
17 0.40703125 0.66796875 0.0453125 0.0421875
3 0.36484375 0.628125 0.046875 0.0421875
5 0.45625 0.6359375 0.046875 0.0421875
8 0.5015625 0.64140625 0.0515625 0.0421875
16 0.503125 0.60078125 0.0484375 0.040625
13 0.54765625 0.64453125 0.0484375 0.040625
4 0.59375 0.64453125 0.0484375 0.040625
18 0.64609375 0.653125 0.05 0.04375
8 0.646875 0.69296875 0.0515625 0.0453125
13 0.646875 0.7328125 0.05 0.046875
8 0.59765625 0.728125 0.053125 0.046875
6 0.54296875 0.72734375 0.0515625 0.04375
14 0.54453125 0.6828125 0.0484375 0.0421875
19 0.44921875 0.72421875 0.046875 0.04375
18 0.4046875 0.715625 0.0484375 0.0453125
4 0.359375 0.71015625 0.0484375 0.0421875
9 0.31171875 0.71015625 0.05 0.04375