14 0.51171875 0.1859375 0.05 0.0421875
19 0.5703125 0.1921875 0.0484375 0.040625
4 0.61875 0.19140625 0.046875 0.040625
18 0.921875 0.1921875 0.05 0.0421875
0 0.2171875 0.2328125 0.05 0.040625
20 0.27109375 0.228125 0.05 0.040625
8 0.9109375 0.2421875 0.0515625 0.04375
2 0.31796875 0.271875 0.046875 0.040625
11 0.36484375 0.2703125 0.05 0.040625
3 0.2140625 0.30859375 0.05 0.040625
17 0.26640625 0.30859375 0.0484375 0.040625
14 0.31640625 0.31328125 0.05 0.040625
8 0.3640625 0.31640625 0.0484375 0.040625
1 0.6109375 0.3109375 0.053125 0.04375
20 0.66640625 0.3125 0.053125 0.04375
8 0.76640625 0.3109375 0.05 0.040625
13 0.81875 0.3109375 0.05 0.0421875
5 0.871875 0.31171875 0.05625 0.0421875
10 0.925 0.31484375 0.053125 0.0421875
9 0.21328125 0.3515625 0.053125 0.040625
3 0.26875 0.3484375 0.05 0.0375
14 0.4984375 0.353125 0.05625 0.046875
19 0.56171875 0.35390625 0.046875 0.040625
4 0.615625 0.353125 0.0546875 0.0453125
12 0.66640625 0.36328125 0.05 0.04375
13 0.7640625 0.35703125 0.05625 0.0421875
4 0.81328125 0.35625 0.0546875 0.0421875
25 0.86953125 0.3546875 0.053125 0.04375
3 0.3078125 0.3890625 0.053125 0.0421875
1 0.36015625 0.38828125 0.053125 0.0421875
0 0.4125 0.39296875 0.05 0.040625
13 0.46171875 0.39140625 0.0484375 0.040625
8 0.2109375 0.4296875 0.0515625 0.040625
4 0.26328125 0.4296875 0.05 0.040625
21 0.5078125 0.4328125 0.0515625 0.040625
0 0.55703125 0.43515625 0.05 0.040625
12 0.665625 0.43671875 0.05 0.040625
0 0.715625 0.4359375 0.05 0.040625
21 0.81484375 0.43671875 0.053125 0.0390625
0 0.8734375 0.4328125 0.053125 0.04375
4 0.3125 0.471875 0.05 0.0390625
15 0.36953125 0.47109375 0.05 0.040625
17 0.5125 0.47578125 0.05 0.040625
13 0.56171875 0.475 0.05 0.040625
22 0.61875 0.47578125 0.0515625 0.040625
2 0.66796875 0.478125 0.05 0.04375
4 0.76171875 0.4765625 0.053125 0.040625
14 0.815625 0.48046875 0.05 0.040625
8 0.91953125 0.4828125 0.053125 0.040625
4 0.20625 0.51015625 0.053125 0.040625
4 0.26015625 0.51015625 0.0515625 0.040625
3 0.4125 0.51328125 0.05 0.040625
0 0.46328125 0.5125 0.046875 0.0375
19 0.76015625 0.51953125 0.0546875 0.0421875
19 0.81484375 0.52109375 0.053125 0.040625
6 0.8671875 0.52109375 0.0515625 0.040625
20 0.9234375 0.5265625 0.053125 0.04375
17 0.20859375 0.5515625 0.053125 0.040625
18 0.259375 0.55234375 0.05 0.0375
0 0.31015625 0.55078125 0.0515625 0.0375
7 0.36015625 0.553125 0.0515625 0.040625
24 0.55859375 0.553125 0.053125 0.04375
11 0.61171875 0.55546875 0.05 0.040625
4 0.6640625 0.55625 0.05625 0.04375
14 0.715625 0.5609375 0.053125 0.0421875
11 0.76640625 0.56171875 0.053125 0.0421875
17 0.2046875 0.5953125 0.0515625 0.040625
17 0.26015625 0.59453125 0.0515625 0.040625
8 0.3609375 0.59609375 0.0515625 0.040625
16 0.4125 0.59453125 0.05 0.040625
4 0.559375 0.59609375 0.05 0.040625
4 0.6125 0.59921875 0.05 0.0421875
22 0.76640625 0.60234375 0.05 0.040625
7 0.81953125 0.6015625 0.053125 0.04375
6 0.8703125 0.60390625 0.05 0.040625
17 0.921875 0.60546875 0.053125 0.04375
19 0.2015625 0.6359375 0.053125 0.040625
5 0.26015625 0.63671875 0.0484375 0.040625
13 0.3609375 0.6390625 0.05 0.0421875
13 0.4140625 0.63984375 0.0484375 0.040625
8 0.50703125 0.6359375 0.05 0.040625
18 0.5625 0.6421875 0.046875 0.040625
14 0.6671875 0.63671875 0.05 0.0421875
14 0.71640625 0.63828125 0.0546875 0.0421875
8 0.35390625 0.68359375 0.05 0.040625
18 0.41640625 0.68203125 0.05 0.040625
0 0.6078125 0.68203125 0.053125 0.040625
20 0.7640625 0.68515625 0.0515625 0.04375
4 0.81640625 0.6828125 0.05 0.0421875
15 0.86953125 0.6859375 0.05625 0.046875
6 0.20078125 0.7171875 0.053125 0.04375
14 0.2578125 0.71328125 0.053125 0.0421875
24 0.45625 0.7234375 0.05 0.040625
11 0.5078125 0.7234375 0.05 0.04375
19 0.76015625 0.72890625 0.05 0.04375
8 0.81328125 0.725 0.05 0.040625
23 0.50234375 0.76875 0.05 0.04375
0 0.5625 0.76875 0.05 0.04375