3 0.5015625 0.1515625 0.04609375 0.03515625
12 0.54609375 0.15 0.04296875 0.0359375
0 0.5890625 0.14765625 0.04375 0.0359375
20 0.63359375 0.15234375 0.04453125 0.03828125
11 0.67890625 0.14296875 0.04453125 0.0359375
14 0.8140625 0.14609375 0.04765625 0.0328125
5 0.86328125 0.1546875 0.0515625 0.03828125
22 0.4578125 0.184375 0.04296875 0.0375
4 0.5015625 0.18671875 0.0421875 0.03515625
4 0.54453125 0.184375 0.04140625 0.03515625
11 0.58671875 0.18671875 0.0421875 0.0390625
8 0.6796875 0.18046875 0.04296875 0.0359375
13 0.72421875 0.184375 0.0421875 0.03671875
10 0.76796875 0.18515625 0.04296875 0.03515625
24 0.8140625 0.18359375 0.04140625 0.03828125
21 0.36796875 0.22109375 0.04140625 0.034375
9 0.4109375 0.22421875 0.04296875 0.03515625
0 0.4578125 0.22109375 0.046875 0.03515625
13 0.5453125 0.22109375 0.04453125 0.03671875
13 0.67890625 0.21796875 0.0453125 0.0390625
0 0.7734375 0.22109375 0.0421875 0.0375
0 0.41640625 0.26015625 0.04921875 0.0359375
23 0.4609375 0.26015625 0.04765625 0.0390625
6 0.54765625 0.259375 0.04375 0.03671875
14 0.590625 0.2625 0.04453125 0.0375
13 0.634375 0.2609375 0.04296875 0.034375
4 0.6765625 0.2578125 0.04296875 0.034375
17 0.71875 0.2578125 0.03984375 0.03828125
18 0.77109375 0.25859375 0.0453125 0.03984375
18 0.2765625 0.2859375 0.04296875 0.03515625
2 0.321875 0.29609375 0.04609375 0.0390625
0 0.36796875 0.2953125 0.04296875 0.03515625
22 0.41328125 0.296875 0.0453125 0.03671875
8 0.63984375 0.296875 0.04375 0.03515625
13 0.68203125 0.2953125 0.04296875 0.0390625
16 0.22890625 0.321875 0.0453125 0.03515625
8 0.2734375 0.32109375 0.04609375 0.03515625
8 0.37109375 0.33046875 0.0453125 0.03671875
5 0.63984375 0.33203125 0.04453125 0.0359375
17 0.2734375 0.35703125 0.04296875 0.0359375
8 0.31875 0.35625 0.04375 0.03671875
3 0.3640625 0.3671875 0.04296875 0.0375
4 0.4078125 0.36640625 0.04375 0.03828125
11 0.50078125 0.36484375 0.04453125 0.03671875
0 0.5484375 0.36796875 0.0453125 0.03671875
3 0.59765625 0.36875 0.04609375 0.03671875
4 0.6421875 0.36875 0.04296875 0.0375
17 0.23203125 0.39765625 0.04609375 0.0375
4 0.27734375 0.39375 0.04609375 0.03671875
19 0.45234375 0.40546875 0.04453125 0.03671875
14 0.50078125 0.4015625 0.04296875 0.0375
24 0.546875 0.4046875 0.04375 0.03671875
14 0.221875 0.44140625 0.04765625 0.0359375
19 0.5 0.440625 0.04296875 0.0359375
4 0.5453125 0.44140625 0.04453125 0.0375
0 0.58984375 0.44140625 0.0453125 0.03828125
2 0.63359375 0.44296875 0.04453125 0.0375
20 0.67890625 0.44296875 0.046875 0.0390625
15 0.725 0.44140625 0.04375 0.03671875
17 0.81953125 0.44140625 0.0453125 0.03671875
21 0.21875 0.48359375 0.04453125 0.0359375
0 0.26640625 0.47734375 0.05078125 0.0421875
19 0.315625 0.47734375 0.046875 0.0390625
19 0.49921875 0.475 0.0453125 0.03671875
20 0.63359375 0.484375 0.04375 0.0359375
20 0.72890625 0.4796875 0.0453125 0.03671875
8 0.81015625 0.478125 0.04609375 0.0375
4 0.2125 0.52578125 0.0484375 0.040625
3 0.26328125 0.51875 0.04296875 0.03671875
25 0.40546875 0.51328125 0.04296875 0.0359375
14 0.50078125 0.5125 0.0421875 0.0359375
18 0.5484375 0.51171875 0.04453125 0.0359375
17 0.6359375 0.5203125 0.04453125 0.03671875
1 0.73515625 0.51875 0.04765625 0.03828125
8 0.77890625 0.51796875 0.04921875 0.03828125
6 0.8234375 0.5171875 0.04765625 0.0390625
19 0.3578125 0.55390625 0.04453125 0.0359375
4 0.403125 0.54921875 0.04453125 0.03671875
18 0.49921875 0.55 0.04453125 0.04140625
12 0.590625 0.55703125 0.0421875 0.03828125
4 0.63828125 0.5625 0.0453125 0.0359375
4 0.7359375 0.55859375 0.046875 0.0375
6 0.31171875 0.590625 0.04453125 0.03828125
4 0.36171875 0.590625 0.04375 0.0375
13 0.4078125 0.58671875 0.04296875 0.03828125
7 0.54921875 0.596875 0.0453125 0.0375
0 0.59375 0.59765625 0.04296875 0.0375
14 0.3109375 0.63046875 0.0484375 0.0375
8 0.36015625 0.628125 0.0453125 0.03671875
1 0.4484375 0.63125 0.04453125 0.0390625
11 0.49609375 0.63125 0.04453125 0.0390625
15 0.5890625 0.63515625 0.0453125 0.03828125
8 0.63984375 0.63359375 0.046875 0.03984375
19 0.6875 0.634375 0.04765625 0.0390625
7 0.21328125 0.66640625 0.0453125 0.03828125
14 0.2578125 0.66953125 0.046875 0.03828125
14 0.30546875 0.66953125 0.0453125 0.03671875
17 0.3578125 0.66640625 0.0453125 0.03828125