19 0.25546875 0.171875 0.046875 0.0375
17 0.30078125 0.17421875 0.04375 0.0359375
8 0.34453125 0.178125 0.046875 0.0375
3 0.44296875 0.18125 0.0484375 0.0390625
4 0.30546875 0.209375 0.0453125 0.0359375
12 0.3015625 0.24609375 0.0453125 0.0375
14 0.34765625 0.24609375 0.0453125 0.0375
21 0.34375 0.284375 0.046875 0.0359375
0 0.3890625 0.28671875 0.05 0.040625
13 0.4359375 0.290625 0.0484375 0.0375
4 0.4859375 0.2953125 0.046875 0.0390625
0 0.3421875 0.321875 0.046875 0.0359375
0 0.296875 0.3203125 0.046875 0.0390625
12 0.29296875 0.3578125 0.046875 0.0390625
20 0.29296875 0.3953125 0.0484375 0.0390625
4 0.4875 0.25859375 0.0421875 0.0375
22 0.4875 0.2203125 0.046875 0.0375
17 0.53359375 0.22265625 0.046875 0.0390625
4 0.58046875 0.22734375 0.04375 0.0375
13 0.628125 0.23203125 0.046875 0.0390625
21 0.5859375 0.18828125 0.04375 0.0390625
19 0.57265625 0.26484375 0.046875 0.0375
14 0.5671875 0.30625 0.0453125 0.0390625
14 0.63125 0.1953125 0.046875 0.0375
19 0.675 0.19765625 0.0453125 0.0359375
4 0.72265625 0.1984375 0.046875 0.0359375
1 0.71484375 0.234375 0.04375 0.0375
20 0.759375 0.23671875 0.046875 0.0359375
8 0.803125 0.2765625 0.04375 0.0390625
13 0.85703125 0.28828125 0.0515625 0.0375
10 0.903125 0.28984375 0.0515625 0.0375
8 0.909375 0.25234375 0.046875 0.0390625
18 0.91171875 0.2140625 0.0453125 0.0375
4 0.90234375 0.32734375 0.046875 0.0375
13 0.803125 0.31484375 0.04375 0.0359375
0 0.76015625 0.3125 0.0453125 0.0390625
2 0.715625 0.309375 0.046875 0.0390625
14 0.71328125 0.3484375 0.0453125 0.0390625
19 0.665625 0.3421875 0.0453125 0.040625
6 0.7078125 0.38671875 0.046875 0.0390625
8 0.75234375 0.38828125 0.046875 0.040625
5 0.79765625 0.39296875 0.04375 0.0375
20 0.7984375 0.4296875 0.0484375 0.040625
17 0.79765625 0.471875 0.046875 0.0390625
25 0.89296875 0.4671875 0.053125 0.040625
0 0.43515625 0.328125 0.04375 0.0375
1 0.434375 0.36953125 0.046875 0.0375
14 0.478125 0.371875 0.0484375 0.0390625
22 0.52734375 0.3765625 0.046875 0.0390625
14 0.52109375 0.4125 0.046875 0.0390625
15 0.4265625 0.4453125 0.046875 0.0375
4 0.4703125 0.44921875 0.0484375 0.0390625
4 0.51484375 0.453125 0.0453125 0.0375
17 0.56328125 0.45546875 0.04375 0.0375
0 0.5625 0.4953125 0.0453125 0.0390625
23 0.6125 0.490625 0.0484375 0.0390625
7 0.66171875 0.45625 0.046875 0.0375
4 0.6625 0.49375 0.046875 0.040625
11 0.71015625 0.4953125 0.046875 0.0375
24 0.56484375 0.5328125 0.0453125 0.0375
11 0.65859375 0.53203125 0.0453125 0.0390625
11 0.65703125 0.57109375 0.0484375 0.040625
0 0.70546875 0.57421875 0.0515625 0.0421875
6 0.753125 0.575 0.0484375 0.040625
20 0.7578125 0.6125 0.0484375 0.0390625
24 0.74921875 0.65 0.046875 0.040625
18 0.74453125 0.690625 0.0515625 0.04375
0 0.796875 0.65546875 0.0484375 0.0390625
15 0.8421875 0.65859375 0.046875 0.0421875
8 0.84296875 0.6984375 0.046875 0.040625
19 0.84140625 0.7375 0.05 0.040625
17 0.425 0.48203125 0.0484375 0.0390625
14 0.4234375 0.51875 0.046875 0.040625
7 0.46796875 0.52109375 0.0484375 0.040625
3 0.4203125 0.55625 0.046875 0.040625
8 0.37265625 0.55546875 0.0453125 0.0375
2 0.3265625 0.55 0.046875 0.0375
0 0.27890625 0.54765625 0.046875 0.0390625
11 0.2828125 0.50703125 0.05 0.040625
3 0.415625 0.59296875 0.0484375 0.0390625
4 0.4109375 0.63125 0.046875 0.040625
17 0.409375 0.66953125 0.0453125 0.0421875
3 0.3671875 0.63046875 0.046875 0.040625
5 0.45859375 0.63671875 0.0453125 0.0421875
8 0.5046875 0.64140625 0.05 0.0421875
16 0.5046875 0.60078125 0.046875 0.0390625
13 0.55 0.64375 0.046875 0.0390625
4 0.596875 0.64296875 0.046875 0.040625
18 0.6484375 0.65 0.0484375 0.0421875
8 0.65078125 0.68984375 0.05 0.04375
13 0.65078125 0.7296875 0.05 0.046875
8 0.6015625 0.7265625 0.0515625 0.0453125
6 0.546875 0.7265625 0.0515625 0.04375
14 0.54765625 0.68203125 0.046875 0.040625
19 0.453125 0.725 0.046875 0.04375
18 0.40859375 0.7171875 0.046875 0.04375
4 0.36328125 0.7125 0.046875 0.040625
9 0.31484375 0.71328125 0.05 0.0421875