6 0.309375 0.259375 0.05 0.0421875
17 0.41015625 0.25546875 0.0453125 0.0421875
8 0.5140625 0.2609375 0.0515625 0.04375
16 0.19921875 0.3015625 0.0515625 0.0421875
3 0.25234375 0.30078125 0.053125 0.0421875
20 0.30625 0.30234375 0.05 0.04375
13 0.35703125 0.30078125 0.05 0.0421875
25 0.40625 0.3015625 0.05 0.04375
21 0.459375 0.30390625 0.0515625 0.0421875
4 0.51015625 0.30546875 0.0484375 0.04375
1 0.56328125 0.30859375 0.05 0.04375
11 0.6171875 0.3125 0.0515625 0.0421875
0 0.66796875 0.31015625 0.0515625 0.04375
17 0.71953125 0.31171875 0.0546875 0.04375
22 0.77109375 0.31328125 0.053125 0.0453125
4 0.2515625 0.3453125 0.0546875 0.04375
4 0.4078125 0.34453125 0.0515625 0.04375
5 0.20078125 0.38671875 0.053125 0.0453125
3 0.253125 0.3890625 0.0515625 0.0453125
20 0.3578125 0.3828125 0.0515625 0.0453125
13 0.40703125 0.3859375 0.0515625 0.04375
4 0.46015625 0.3890625 0.05 0.04375
0 0.51015625 0.39296875 0.0515625 0.04375
7 0.5625 0.39296875 0.0515625 0.0453125
24 0.19921875 0.42890625 0.0515625 0.0421875
12 0.35859375 0.42578125 0.053125 0.04375
11 0.6609375 0.434375 0.0515625 0.04375
4 0.7171875 0.43515625 0.053125 0.04375
22 0.76875 0.43828125 0.0546875 0.0453125
11 0.821875 0.43984375 0.0515625 0.04375
13 0.8734375 0.440625 0.0546875 0.04375
19 0.196875 0.47109375 0.0546875 0.04375
15 0.253125 0.46875 0.053125 0.04375
8 0.30625 0.46875 0.053125 0.04375
18 0.3578125 0.4703125 0.0546875 0.0453125
8 0.4078125 0.47109375 0.053125 0.0421875
14 0.4609375 0.4734375 0.053125 0.0421875
18 0.51015625 0.475 0.05 0.0421875
24 0.5609375 0.47734375 0.05 0.0421875
2 0.6125 0.478125 0.0515625 0.04375
4 0.66484375 0.4765625 0.053125 0.04375
0 0.35625 0.5140625 0.0515625 0.04375
17 0.5078125 0.5203125 0.053125 0.0453125
4 0.19375 0.553125 0.0515625 0.04375
17 0.25078125 0.55234375 0.0515625 0.04375
8 0.30390625 0.5546875 0.0515625 0.04375
13 0.35625 0.55625 0.0546875 0.04375
4 0.5109375 0.56328125 0.053125 0.0421875
18 0.65859375 0.55859375 0.05 0.0453125
8 0.715625 0.5609375 0.0546875 0.04375
7 0.76796875 0.565625 0.0515625 0.0453125
17 0.821875 0.56796875 0.053125 0.04375
3 0.1953125 0.59609375 0.0515625 0.04375
6 0.5109375 0.6046875 0.053125 0.04375
14 0.56015625 0.603125 0.0515625 0.0421875
23 0.6109375 0.603125 0.0546875 0.0421875
3 0.66171875 0.60390625 0.0515625 0.04375
6 0.8171875 0.6109375 0.059375 0.046875
13 0.1953125 0.6375 0.053125 0.04375
4 0.30390625 0.634375 0.053125 0.04375
8 0.35703125 0.63671875 0.05 0.04375
12 0.4078125 0.63828125 0.0515625 0.0453125
14 0.45625 0.63984375 0.0546875 0.046875
19 0.76640625 0.6515625 0.0546875 0.0453125
18 0.82109375 0.65625 0.053125 0.04375
19 0.871875 0.6546875 0.0546875 0.0453125
19 0.19453125 0.6828125 0.0546875 0.0453125
14 0.24765625 0.675 0.053125 0.04375
13 0.30390625 0.67578125 0.0546875 0.04375
4 0.81796875 0.69921875 0.0515625 0.04375
8 0.1984375 0.72421875 0.0515625 0.04375
19 0.50390625 0.72578125 0.053125 0.046875
0 0.55234375 0.728125 0.05 0.04375
8 0.60546875 0.72734375 0.053125 0.0453125
21 0.6609375 0.73203125 0.053125 0.04375
10 0.7140625 0.73203125 0.053125 0.0453125
19 0.7640625 0.7375 0.053125 0.0453125
5 0.81953125 0.74296875 0.0515625 0.04375
0 0.875 0.740625 0.0546875 0.0453125
2 0.19453125 0.765625 0.0515625 0.04375
0 0.2484375 0.75703125 0.0546875 0.04375
15 0.3 0.76328125 0.0515625 0.04375
17 0.34921875 0.76328125 0.0515625 0.0453125
9 0.40546875 0.765625 0.0515625 0.0453125
8 0.50546875 0.77109375 0.0515625 0.0453125
20 0.56015625 0.7734375 0.053125 0.0453125
1 0.1953125 0.8078125 0.0515625 0.0453125
11 0.4484375 0.8140625 0.0515625 0.0453125
0 0.50703125 0.81484375 0.053125 0.0453125
4 0.1921875 0.85 0.053125 0.04375
20 0.24921875 0.8484375 0.053125 0.046875