3 0.48359375 0.15234375 0.0484375 0.0375
12 0.52734375 0.1484375 0.0453125 0.0375
0 0.5703125 0.14375 0.0453125 0.0375
20 0.61484375 0.14609375 0.046875 0.040625
11 0.66015625 0.134375 0.046875 0.0375
14 0.7953125 0.13046875 0.05 0.0359375
5 0.84453125 0.1359375 0.053125 0.040625
22 0.44140625 0.18671875 0.0453125 0.0390625
4 0.48515625 0.18671875 0.04375 0.0375
4 0.528125 0.1828125 0.04375 0.0375
11 0.5703125 0.1828125 0.04375 0.040625
8 0.6625 0.171875 0.0453125 0.0375
13 0.70703125 0.1734375 0.04375 0.0390625
10 0.75078125 0.171875 0.0453125 0.0375
24 0.796875 0.16796875 0.04375 0.040625
21 0.35390625 0.228125 0.04375 0.0359375
9 0.396875 0.22890625 0.0453125 0.0375
0 0.44296875 0.2234375 0.0484375 0.0375
13 0.53046875 0.21875 0.046875 0.0390625
13 0.6640625 0.209375 0.046875 0.040625
0 0.75859375 0.20703125 0.04375 0.0390625
0 0.40390625 0.26484375 0.0515625 0.0390625
23 0.4484375 0.2625 0.05 0.0421875
6 0.53515625 0.25703125 0.0453125 0.0390625
14 0.578125 0.2578125 0.046875 0.0390625
13 0.621875 0.25390625 0.0453125 0.0359375
4 0.66328125 0.24921875 0.0453125 0.0359375
17 0.70546875 0.246875 0.0421875 0.040625
18 0.7578125 0.24453125 0.046875 0.0421875
18 0.265625 0.29765625 0.0453125 0.0375
2 0.31171875 0.30546875 0.0484375 0.0421875
0 0.3578125 0.30234375 0.0453125 0.0375
22 0.403125 0.3015625 0.046875 0.0390625
8 0.62890625 0.28984375 0.0453125 0.0375
13 0.67109375 0.2859375 0.0453125 0.040625
16 0.2203125 0.3359375 0.046875 0.0375
8 0.2640625 0.3328125 0.0484375 0.0375
8 0.3625 0.3375 0.046875 0.0390625
5 0.63125 0.325 0.046875 0.0375
17 0.26640625 0.36875 0.0453125 0.0375
8 0.31171875 0.365625 0.0453125 0.0390625
3 0.35703125 0.37421875 0.0453125 0.0390625
4 0.40078125 0.37109375 0.0453125 0.040625
11 0.49375 0.36484375 0.046875 0.0390625
0 0.54140625 0.365625 0.046875 0.0390625
3 0.590625 0.3640625 0.0484375 0.0390625
4 0.63515625 0.36171875 0.0453125 0.0390625
17 0.22734375 0.41171875 0.0484375 0.040625
4 0.271875 0.40546875 0.0484375 0.0390625
19 0.44765625 0.4078125 0.046875 0.0390625
14 0.4953125 0.4015625 0.0453125 0.0390625
24 0.5421875 0.40234375 0.0453125 0.0390625
14 0.21953125 0.45625 0.05 0.0390625
19 0.496875 0.440625 0.0453125 0.0375
4 0.5421875 0.4390625 0.046875 0.0390625
0 0.58671875 0.43671875 0.046875 0.040625
2 0.63046875 0.4359375 0.046875 0.0390625
20 0.67578125 0.43359375 0.0484375 0.0421875
15 0.721875 0.4296875 0.0453125 0.0390625
17 0.81640625 0.425 0.046875 0.0390625
21 0.21796875 0.4984375 0.046875 0.0375
0 0.265625 0.48984375 0.053125 0.0453125
19 0.31484375 0.48671875 0.0484375 0.0421875
19 0.49765625 0.475 0.046875 0.0390625
20 0.6328125 0.47734375 0.0453125 0.0375
20 0.72734375 0.46796875 0.046875 0.0390625
8 0.80859375 0.46171875 0.0484375 0.040625
4 0.2140625 0.540625 0.05 0.04375
3 0.26484375 0.53125 0.0453125 0.0390625
25 0.40625 0.51796875 0.0453125 0.0375
14 0.5015625 0.5125 0.04375 0.0375
18 0.54921875 0.509375 0.046875 0.0375
17 0.63671875 0.51328125 0.046875 0.0390625
1 0.7359375 0.50625 0.05 0.040625
8 0.7796875 0.503125 0.0515625 0.040625
6 0.82421875 0.5 0.05 0.0421875
19 0.3609375 0.5609375 0.046875 0.0375
4 0.40546875 0.55390625 0.046875 0.0390625
18 0.5015625 0.55 0.046875 0.04375
12 0.59375 0.55234375 0.04375 0.040625
4 0.64140625 0.55546875 0.046875 0.0375
4 0.7390625 0.54609375 0.0484375 0.040625
6 0.31640625 0.6 0.046875 0.040625
4 0.36640625 0.59765625 0.0453125 0.0390625
13 0.4125 0.59140625 0.0453125 0.040625
7 0.55390625 0.59453125 0.046875 0.0390625
0 0.5984375 0.59296875 0.0453125 0.0390625
14 0.31796875 0.63984375 0.05 0.040625
8 0.3671875 0.63515625 0.046875 0.0390625
1 0.45546875 0.63359375 0.046875 0.040625
11 0.503125 0.63125 0.046875 0.040625
15 0.59609375 0.63046875 0.046875 0.040625
8 0.646875 0.62578125 0.0484375 0.0421875
19 0.69453125 0.62421875 0.05 0.0421875
7 0.22265625 0.68125 0.046875 0.040625
14 0.2671875 0.68203125 0.0484375 0.040625
14 0.31484375 0.6796875 0.046875 0.0390625
17 0.36640625 0.6734375 0.046875 0.040625