12 0.2046875 0.19609375 0.05625 0.0484375
19 0.25703125 0.19453125 0.0578125 0.0484375
3 0.3078125 0.1921875 0.05625 0.046875
4 0.3578125 0.1875 0.0546875 0.046875
0 0.4109375 0.184375 0.053125 0.04375
15 0.60859375 0.17109375 0.053125 0.04375
14 0.4109375 0.225 0.0546875 0.04375
13 0.61015625 0.2109375 0.053125 0.0453125
2 0.65859375 0.2078125 0.05625 0.046875
8 0.7078125 0.20859375 0.05625 0.0484375
9 0.7578125 0.20390625 0.05625 0.0453125
11 0.81015625 0.2046875 0.0515625 0.0453125
1 0.4109375 0.265625 0.0515625 0.04375
15 0.6140625 0.25078125 0.0515625 0.04375
5 0.75859375 0.24453125 0.059375 0.0453125
5 0.41640625 0.30625 0.053125 0.0453125
20 0.6140625 0.28984375 0.053125 0.046875
13 0.7640625 0.28515625 0.053125 0.04375
7 0.215625 0.35859375 0.053125 0.0453125
4 0.265625 0.3546875 0.05625 0.0453125
8 0.31875 0.353125 0.0546875 0.0453125
11 0.36796875 0.3515625 0.0546875 0.0453125
19 0.4171875 0.34609375 0.0546875 0.04375
4 0.46875 0.34453125 0.0515625 0.0453125
21 0.51875 0.340625 0.0515625 0.046875
14 0.56953125 0.3375 0.0515625 0.04375
4 0.621875 0.33359375 0.05 0.0453125
8 0.76953125 0.3265625 0.0546875 0.0453125
0 0.81875 0.321875 0.053125 0.0453125
2 0.86953125 0.31875 0.053125 0.04375
17 0.9171875 0.31640625 0.05 0.04375
23 0.221875 0.3984375 0.0515625 0.04375
8 0.57265625 0.38125 0.0546875 0.0453125
18 0.67109375 0.36953125 0.0515625 0.0453125
8 0.92109375 0.36015625 0.0546875 0.04375
1 0.2265625 0.43828125 0.0546875 0.04375
24 0.325 0.43359375 0.053125 0.04375
0 0.4265625 0.425 0.053125 0.04375
18 0.575 0.42265625 0.053125 0.04375
3 0.6734375 0.41015625 0.0546875 0.04375
4 0.9265625 0.4015625 0.05625 0.04375
4 0.32890625 0.47265625 0.053125 0.0421875
11 0.38125 0.471875 0.0515625 0.0453125
4 0.42890625 0.46875 0.0546875 0.04375
16 0.48125 0.46328125 0.05 0.04375
0 0.675 0.45078125 0.0546875 0.04375
19 0.725 0.446875 0.0546875 0.04375
17 0.778125 0.440625 0.053125 0.04375
14 0.28046875 0.51484375 0.053125 0.0453125
13 0.33125 0.5125 0.0546875 0.0453125
6 0.77734375 0.48046875 0.0546875 0.04375
14 0.83125 0.48203125 0.05625 0.0453125
8 0.88046875 0.47734375 0.05625 0.04375
10 0.93125 0.475 0.0515625 0.04375
8 0.28515625 0.55546875 0.0546875 0.04375
18 0.48125 0.54296875 0.0546875 0.0453125
8 0.534375 0.5421875 0.0546875 0.04375
14 0.58359375 0.53828125 0.053125 0.04375
0 0.6328125 0.53828125 0.053125 0.0453125
13 0.7828125 0.5234375 0.05625 0.04375
6 0.88203125 0.51875 0.0578125 0.04375
18 0.2328125 0.60234375 0.0625 0.05
22 0.2890625 0.5953125 0.0609375 0.046875
20 0.43203125 0.590625 0.0578125 0.0453125
0 0.484375 0.584375 0.05625 0.0453125
3 0.6359375 0.578125 0.0546875 0.0453125
4 0.6859375 0.575 0.0546875 0.04375
17 0.73828125 0.57109375 0.0546875 0.04375
6 0.78671875 0.5671875 0.05625 0.0453125
7 0.8875 0.5578125 0.059375 0.0453125
4 0.23671875 0.64453125 0.053125 0.04375
25 0.2875 0.63984375 0.053125 0.04375
0 0.3375 0.634375 0.0609375 0.0484375
19 0.38828125 0.63515625 0.0578125 0.046875
17 0.4421875 0.63046875 0.05625 0.046875
3 0.48984375 0.62578125 0.0546875 0.0453125
22 0.63984375 0.62109375 0.05625 0.0453125
20 0.8890625 0.59921875 0.0609375 0.0453125
13 0.2375 0.68671875 0.05625 0.0453125
12 0.3390625 0.675 0.0578125 0.046875
20 0.49296875 0.6671875 0.0578125 0.0453125
4 0.64296875 0.6625 0.05625 0.04375
24 0.83984375 0.64375 0.0546875 0.0453125
19 0.8921875 0.64140625 0.053125 0.04375
4 0.23984375 0.72734375 0.0546875 0.04375
13 0.3421875 0.7171875 0.053125 0.04375
8 0.490625 0.71015625 0.0578125 0.0453125
11 0.5453125 0.7078125 0.053125 0.046875
17 0.59921875 0.70625 0.053125 0.0453125
14 0.790625 0.68828125 0.0546875 0.0453125
17 0.84609375 0.68671875 0.05625 0.04375
19 0.2421875 0.76796875 0.0578125 0.04375
21 0.29765625 0.7609375 0.05625 0.0453125
14 0.346875 0.75859375 0.05625 0.0453125